500 4
1 1 -1.876072571041911
1 2 3.15942672185458
1 3 11.759407979349023
1 4 -11.876843593158833
2 1 3.610246562515041
2 2 -6.042476755202663
2 3 0.09887005083517704
2 4 4.512837160670759
3 1 -7.5356091343309135
3 2 5.403005769450388
3 3 -7.669211656740933
3 4 9.592374479019933
4 1 13.87205508739734
4 2 -1.2967991773645033
4 3 -14.098359684032792
4 4 1.883275456472067
1 5 0.08339098435991185
2 6 0.1674611034218808
3 7 0.19970679304692682
4 8 0.011876042479140337
5 5 3.920748071141964
5 6 -10.103753070046098
5 7 -8.704678173547327
5 8 9.320844865933392
6 5 -9.457444683087894
6 6 6.096204589377669
6 7 2.460395628319759
6 8 3.8536882839916715
7 5 -3.257567685671306
7 6 4.793059762653076
7 7 14.938264708569001
7 8 -8.656980718698046
8 5 11.057843761367229
8 6 3.4182583780733005
8 7 -7.578723421449165
8 8 -6.730766858532231
5 9 0.008225046224379584
6 10 0.15292324886200184
7 11 0.1496177911492226
8 12 0.2882173744576092
5 3 0.2826953400280653
5 4 0.18408503365807727
6 3 0.09427448731806021
6 4 0.010111305217822575
7 3 0.09856489021731742
7 4 0.21430111813785183
8 3 0.24620846549770503
8 4 0.03659686843080987
9 9 -5.1039368394157165
9 10 -6.331377566517617
9 11 9.385985085972742
9 12 5.393041438895801
10 9 7.487127727424893
10 10 -10.846188180133161
10 11 1.8383807301072868
10 12 6.117960938201915
11 9 -11.568985791670004
11 10 12.553692054395569
11 11 -10.144806738048823
11 12 2.06199676725281
12 9 6.237597456599348
12 10 7.15780550671137
12 11 -1.5724330850358668
12 12 -10.341953736286781
9 13 0.2908309227530779
10 14 0.21637548902556927
11 15 0.16821968407659235
12 16 0.0780524117150316
9 7 0.14350541060236072
9 8 0.2624393591888773
10 7 0.13102602071233785
10 8 0.21561332768949806
11 7 0.24969810113612934
11 8 0.20734459549249387
12 7 0.29173068514066325
12 8 0.1890268322481352
13 13 5.5514900721112985
13 14 5.540377431981356
13 15 -0.8047629924116301
13 16 -10.633480615079264
14 13 -4.282738268648516
14 14 10.483902999875149
14 15 -13.547254669045818
14 16 8.82555010046949
15 13 -4.4701370104959555
15 14 -8.133530392981019
15 15 14.804362577233938
15 16 -0.7703354292101925
16 13 2.777342947750844
16 14 -6.7435684784872265
16 15 -2.2763810999769953
16 16 8.174584972287455
13 17 0.12371665204059618
14 18 0.03837976468102373
15 19 0.22213526320757648
16 20 0.28641491823330745
13 11 0.2434768072547114
13 12 0.007081861907061615
14 11 0.18707176784229332
14 12 0.0858098080822104
15 11 0.26462435117557026
15 12 0.0606662989390071
16 11 0.13946530458057962
16 12 0.009190499178533495
17 17 -2.928754244134439
17 18 -5.253246841621707
17 19 -3.0535245217037414
17 20 10.058663755367503
18 17 11.04198754306532
18 18 3.8986297373989345
18 19 -7.645121213063549
18 20 -2.001115461370137
19 17 -2.9046284527377457
19 18 14.929959621927022
19 19 -0.38897846762981414
19 20 -8.005173679883162
20 17 -7.914937324310165
20 18 -10.46307395073934
20 19 13.478128127359405
20 20 0.6254323699989787
17 21 0.020335771939033152
18 22 0.09448563152979901
19 23 0.190847899729129
20 24 0.24662400415309937
17 15 0.2535140676761768
17 16 0.22614371628600746
18 15 0.16210892407870353
18 16 0.0991636748631763
19 15 0.11972093414649422
19 16 0.29594474599401027
20 15 0.189982903991336
20 16 0.10046731470982417
21 21 -8.077532875378969
21 22 14.99954973183552
21 23 -3.9435253905219145
21 24 -7.5012265148639425
22 21 12.366952841811049
22 22 -1.39382432930094
22 23 -3.1391399942047635
22 24 -1.055773020083867
23 21 -5.222324159972609
23 22 -12.64959259274177
23 23 11.125098327821613
23 24 4.368327586899735
24 21 -3.6824370945904654
24 22 -4.034493929578998
24 23 0.3724889631974202
24 24 10.39148016286489
21 25 0.07607775340261609
22 26 0.04131220668622446
23 27 0.2631206826648009
24 28 0.03439228650477572
21 19 0.03497715004810813
21 20 0.035841560805055246
22 19 0.28998902703276
22 20 0.07626517033955509
23 19 0.07825741734447893
23 20 0.20628008522566618
24 19 0.21375667463627965
24 20 0.1790089458182653
25 25 8.975344776593719
25 26 -10.138420738166705
25 27 7.322999261661087
25 28 -7.2400933722337975
26 25 4.412778403840541
26 26 7.519587821656197
26 27 -7.834056106539186
26 28 -10.692942170262542
27 25 -2.485908537734977
27 26 0.8594486151191315
27 27 8.779843901963886
27 28 -3.259784392493931
28 25 -7.6812423083177395
28 26 3.1344215326462055
28 27 -5.489232541727113
28 28 16.164593320503606
25 29 0.19645280576607901
26 30 0.11903666989679675
27 31 0.036383858460260085
28 32 0.048036726504377604
25 23 0.14289427429994075
25 24 0.2676835955425875
26 23 0.1291537408334245
26 24 0.0020105061051945315
27 23 0.28558238448154843
27 24 0.20715022760783794
28 23 0.06040546767192736
28 24 0.23790901372281392
29 29 8.156822244785227
29 30 -3.0346127626239743
29 31 -15.046434772205057
29 32 1.8498228342764242
30 29 -0.5045401890078194
30 30 0.6961976712577261
30 31 15.235942973500462
30 32 -5.796393977155973
31 29 -11.526498449718984
31 30 12.012418258532362
31 31 0.4578773447704142
31 32 0.871281019707994
32 29 2.669542544277776
32 30 -8.892233976774696
32 31 -1.3754266053221424
32 32 7.599455039541389
29 33 0.2832686124668516
30 34 0.0763688016585918
31 35 0.25082636572316513
32 36 0.21890398462618435
29 27 0.009864141001675675
29 28 0.03716998519054464
30 27 0.010656323889733166
30 28 0.1175779344839012
31 27 0.1864711963303116
31 28 0.0009891264153783828
32 27 0.25992335033452546
32 28 0.11976587327291127
33 33 10.682686784179307
33 34 -5.348568969201792
33 35 -11.018587732239924
33 36 11.121035559681554
34 33 -10.488821453045095
34 34 9.877821450273347
34 35 -2.9691791820097646
34 36 3.5744425893897898
35 33 2.028378167326021
35 34 0.9487102113287398
35 35 8.062634348518193
35 36 -11.986266774825834
36 33 -6.865287673943781
36 34 -3.086113896749429
36 35 10.208041964547915
36 36 -2.1108010643664548
33 37 0.29278754579843685
34 38 0.1700451574367707
35 39 0.16999960240494377
36 40 0.1767459795394088
33 31 0.05244277517110354
33 32 0.03875970384629237
34 31 0.09229746555207816
34 32 0.09721821767422831
35 31 0.15110249947155427
35 32 0.2852619865554427
36 31 0.11730240078377885
36 32 0.07089841063810855
37 37 -0.15969873344099225
37 38 12.067196318581024
37 39 5.052553121223551
37 40 -17.372739802337094
38 37 -0.8177673351175776
38 38 -5.239188808014574
38 39 10.404820285356026
38 40 3.888341264374524
39 37 -3.8949087160517446
39 38 4.459341219454388
39 39 -8.397173422698817
39 40 4.202158371951163
40 37 6.9893108382536875
40 38 -5.335349686869957
40 39 -11.852031485130144
40 40 5.5232051573786825
37 41 0.20636382649920867
38 42 0.26643716704102194
39 43 0.027018009157201272
40 44 0.069027758562892
37 35 0.2412351669725472
37 36 0.03514989666712047
38 35 0.01459958330514437
38 36 0.2671530197990918
39 35 0.002673939125714253
39 36 0.1445906443430206
40 35 0.05340366802529208
40 36 0.09915350515491518
41 41 8.728057253935521
41 42 4.910744840454616
41 43 -8.331743459432207
41 44 -12.167070615384459
42 41 1.442606513188304
42 42 -13.354774621695798
42 43 9.985606276103008
42 44 8.469378262815177
43 41 -4.409927909532998
43 42 6.903946769483338
43 43 -8.92516861078917
43 44 6.684292095134153
44 41 -0.7421341814712286
44 42 -1.3996871290989554
44 43 10.493043249276594
44 44 -4.723562331668993
41 45 0.0435782557304486
42 46 0.09808833653660855
43 47 0.1522747915320269
44 48 0.10740960019231101
41 39 0.24653955968590235
41 40 0.17574507443921053
42 39 0.1797158731338714
42 40 0.01563326202904496
43 39 0.2502284044213512
43 40 0.016322998789320396
44 39 0.20579823904229924
44 40 0.17156599351881507
45 45 -10.410580363349537
45 46 8.190083501778599
45 47 -2.994583735912582
45 48 8.513088182624042
46 45 6.001717075658996
46 46 4.624124737104242
46 47 -2.1599509289853525
46 48 -8.263745270458013
47 45 4.031208934923575
47 46 -6.055662310702834
47 47 -0.5377884211041022
47 48 4.448873642772144
48 45 -3.6439537434296425
48 46 -15.388310180120664
48 47 16.880747480483585
48 48 -0.8382279327235688
45 49 0.28817431799782617
46 50 0.10348907543095832
47 51 0.12380137056683271
48 52 0.22756935849138415
45 43 0.09421501287196474
45 44 0.2345643962503056
46 43 0.22362510020561932
46 44 0.004524242760923225
47 43 0.2785372479327755
47 44 0.019848719987065364
48 43 0.20683653339463676
48 44 0.23634074685936324
49 49 -4.023730538473406
49 50 -5.306840134649542
49 51 -4.291774161244607
49 52 15.401118223156812
50 49 9.535989586787636
50 50 -0.7267748556138482
50 51 -11.805179451019404
50 52 0.2532526318536103
51 49 -2.9833781465985223
51 50 2.8263570808302294
51 51 13.874862870351318
51 52 -9.201342140742057
52 49 -10.007747843121772
52 50 7.785639816220664
52 51 3.1426802814620767
52 52 -0.6561817895469387
49 53 0.18379673564552382
50 54 0.20422693075761358
51 55 0.1283692865910967
52 56 0.2550832898073652
49 47 0.2810772980236353
49 48 0.12695646819199288
50 47 0.05498458498756648
50 48 0.2819693614452207
51 47 0.16935299408594431
51 48 0.14761766290076553
52 47 0.24795156323048032
52 48 0.1186001741380836
53 53 -14.725231641044678
53 54 -4.673783275481215
53 55 13.229663275692277
53 56 3.6937086997668196
54 53 -8.921223547956954
54 54 6.316995599243202
54 55 -3.609907646804061
54 56 8.404618772026724
55 53 -1.6290711060657703
55 54 0.7119205460714206
55 55 7.023186807501945
55 56 -11.09554292951915
56 53 12.088398719754597
56 54 -2.1081177936471844
56 55 -6.040803220461604
56 56 1.6829553158156245
53 57 0.15076713194449082
54 58 0.25311233095423463
55 59 0.03143660142920907
56 60 0.1892157434701622
53 51 0.046276411280451166
53 52 0.19166994918757208
54 51 0.014704197262965235
54 52 0.24134652462098236
55 51 0.28834233154603084
55 52 0.14445860752098963
56 51 0.2404067418298313
56 52 0.2538932574173059
57 57 -1.780719113551782
57 58 8.448984778907853
57 59 -0.6094828964322252
57 60 -1.951593116487938
58 57 7.215022600655919
58 58 -9.914916243192874
58 59 -4.199856446678599
58 60 7.239553237966804
59 57 -17.40681062362659
59 58 -4.3667418238773665
59 59 6.012286940802134
59 60 5.627502911509687
60 57 12.776013065794626
60 58 1.5656456830038383
60 59 3.812696915405058
60 60 -11.258560409923087
57 61 0.09316290425726115
58 62 0.24977198843460335
59 63 0.26618061471604154
60 64 0.14155909669217484
57 55 0.010527225864071533
57 56 0.21424406650955088
58 55 0.13519500052076508
58 56 0.07779331510625527
59 55 0.2410484161896281
59 56 0.08716723672145554
60 55 0.20365415575420917
60 56 0.10096947517368972
61 61 -3.9798664713789504
61 62 7.93803224876474
61 63 1.9490952632180822
61 64 -5.694067027460932
62 61 -7.253036483331271
62 62 2.7576827179855017
62 63 -3.2425922828857616
62 64 6.822111708110468
63 61 14.525084037653535
63 62 -14.690303572894576
63 63 -6.61619360121345
63 64 6.360248724561581
64 61 3.0707032921873307
64 62 -4.445637086393551
64 63 14.9382352177599
64 64 -0.553465402041925
61 65 0.05053810702204457
62 66 0.035869232569984644
63 67 0.13968120026129102
64 68 0.05964951973939048
61 59 0.12421982120869761
61 60 0.23222038135146914
62 59 0.12080761521691208
62 60 0.2958418130194166
63 59 0.23597316041821084
63 60 0.06738781105813248
64 59 0.2310731694073862
64 60 0.08331068273742448
65 65 10.371324971965384
65 66 -5.374566056323808
65 67 1.852437351558928
65 68 -9.104630735792067
66 65 -8.318150557625177
66 66 -6.7586389048263005
66 67 11.18516494317012
66 68 2.555685106231134
67 65 -6.8924275934479615
67 66 3.752440446200081
67 67 -4.697386848672404
67 68 15.277779249215595
68 65 3.6747761445123897
68 66 8.005567277778834
68 67 -2.702405264659335
68 68 -11.16938371394818
65 69 0.025750031474056388
66 70 0.036487644742763004
67 71 0.1914463198722615
68 72 0.06900957257686531
65 63 0.19773756551604676
65 64 0.10109520909370177
66 63 0.16775661918400855
66 64 0.09163419524052493
67 63 0.08371046859136134
67 64 0.25813045423571984
68 63 0.16043235519814517
68 64 8.857813553515559e-5
69 69 -10.241775541812915
69 70 8.45455657435476
69 71 11.199103902918143
69 72 -11.910579908277173
70 69 0.8449921556512117
70 70 7.350798754073412
70 71 -2.2771496885794975
70 72 -2.8137763085086855
71 69 -4.439439223153274
71 70 -3.2321973463358917
71 71 -2.1436435413321844
71 72 13.430314158874625
72 69 12.11698436729517
72 70 -10.73784061884257
72 71 -1.121255141353131
72 72 -2.44737661032699
69 73 0.0024632554782382464
70 74 0.2501414594534023
71 75 0.18711085034267896
72 76 0.08622332779180308
69 67 0.15918514941128717
69 68 0.19035500387560214
70 67 0.11132736593978572
70 68 0.17328471081527055
71 67 0.13524264826203175
71 68 0.06108305833150724
72 67 0.26090242063805624
72 68 0.08305699000130574
73 73 12.561125695020438
73 74 -8.18361274075439
73 75 -0.19442537547896113
73 76 -2.702125180769989
74 73 -3.52003614276536
74 74 -9.455616625929851
74 75 17.90243061780801
74 76 -11.003637260134507
75 73 -6.424839900273046
75 74 2.2757315607923325
75 75 -1.7942306987246583
75 76 9.349711847642773
76 73 -3.657745226993249
76 74 7.922624133310907
76 75 -1.6097235322840764
76 76 -2.1676591969833545
73 77 0.14336979488603377
74 78 0.2844608256799194
75 79 0.18783382708429996
76 80 0.06567702913161186
73 71 0.1434561855378258
73 72 0.09138320519049721
74 71 0.189422771522609
74 72 0.24864188807045723
75 71 0.2575907368340248
75 72 0.24721893707720083
76 71 0.29080265887582546
76 72 0.06900117130135071
77 77 15.505836165462068
77 78 -3.979119706175387
77 79 -5.312505786362706
77 80 -5.411079575503102
78 77 -7.6425137960393785
78 78 11.05975810042314
78 79 -3.4549200803354028
78 80 1.8616838004075031
79 77 1.2437210663997633
79 78 -6.407853739462191
79 79 9.699232647210206
79 80 -2.385675963271635
80 77 -12.181125609084344
80 78 -5.755803844688916
80 79 3.3247471124469854
80 80 12.295019635044978
77 81 0.14480131763945372
78 82 0.28230128408203775
79 83 0.26674131726078204
80 84 0.1855587591053318
77 75 0.2511730301895753
77 76 0.2155555776315318
78 75 0.007909128087936045
78 76 0.20324040662465953
79 75 0.17503901177658807
79 76 0.15431350853694556
80 75 0.14867870473698896
80 76 0.1275086238031071
81 81 6.827716981888176
81 82 11.009360802970438
81 83 -13.138336200746306
81 84 -4.966192298281784
82 81 5.5467560507881215
82 82 -10.554040041679007
82 83 6.731327514545152
82 84 2.4964853527325372
83 81 -14.795933516007436
83 82 0.8340167974585698
83 83 10.171743400119931
83 84 -0.41093350296148967
84 81 -0.488433571794648
84 82 -2.936712214174419
84 83 0.990579201395958
84 84 10.203297625651729
81 85 0.06331462684410001
82 86 0.01793722316059281
83 87 0.2360174740125487
84 88 0.08217223014539662
81 79 0.13437186566262857
81 80 0.00433092332225764
82 79 0.09742577536300064
82 80 0.2626047697102664
83 79 0.22689050626078394
83 80 0.10519358610549849
84 79 0.20452031305165944
84 80 0.1973454563537929
85 85 6.451316195568942
85 86 1.577755808778445
85 87 -12.070749840138836
85 88 3.1319850690106152
86 85 -8.0983147974511
86 86 -4.816273359388424
86 87 2.5999270227844757
86 88 13.038807873248512
87 85 -9.45083006619976
87 86 7.463789273816282
87 87 13.729797747518274
87 88 -4.93990813601402
88 85 0.30977556668165196
88 86 -2.9794618616488804
88 87 10.459558294529188
88 88 -7.383607480029873
85 89 0.15405485363235805
86 90 0.09532120497416748
87 91 0.2933051792056038
88 92 0.028914926599746302
85 83 0.07230554491254122
85 84 0.15747112848441455
86 83 0.2576330152174232
86 84 0.03817509508331838
87 83 0.050862406055182816
87 84 0.26073115063582053
88 83 0.17226834986850803
88 84 0.2836326912537092
89 89 -11.07590399922383
89 90 12.30328971106422
89 91 2.4794257542629343
89 92 -11.308602284891354
90 89 -1.4645075390710294
90 90 -1.3414062098954853
90 91 -1.7380678736011335
90 92 7.0113332500736645
91 89 4.359174593490466
91 90 -12.694167497887209
91 91 7.720379658274082
91 92 4.0113330782694065
92 89 10.488902463968266
92 90 8.052153958867198
92 91 -8.34937420690543
92 92 -5.60284692736957
89 93 0.10983537383162952
90 94 0.2255028688743774
91 95 0.1015941007752968
92 96 0.0547592469353777
89 87 0.2644635161286999
89 88 0.01195129030989428
90 87 0.2191506188680519
90 88 0.22823673491248586
91 87 0.16912683273875362
91 88 0.12808209940418364
92 87 0.12036547078964463
92 88 0.20841150827130747
93 93 -2.0815666775379844
93 94 -6.927789636342727
93 95 10.435513148530832
93 96 2.750176185284103
94 93 -13.43751128999896
94 94 15.420298834501438
94 95 -8.859845545364953
94 96 -6.485387335259729
95 93 3.687990638443221
95 94 -2.050047481281772
95 95 -4.846606650906632
95 96 5.575372657194054
96 93 12.118933270098772
96 94 4.096124616638654
96 95 -3.593816227095056
96 96 -6.273701294595539
93 97 0.05178780864067176
94 98 0.04110995177459207
95 99 0.09370918032410432
96 100 0.0222938587249653
93 91 0.14579028022266594
93 92 0.2997463613382765
94 91 0.14331568899488858
94 92 0.16301775217982065
95 91 0.24395264450935267
95 92 0.2650025342489072
96 91 0.08710626757143604
96 92 0.05180323404387579
97 97 -6.075234263645908
97 98 -6.514672901856339
97 99 0.7419902938047827
97 100 13.747685214367323
98 97 -0.05795231007832998
98 98 10.487019640468082
98 99 -4.702791775989024
98 100 -4.148691862064941
99 97 12.133617190115595
99 98 2.165008839323911
99 99 -3.295127608776994
99 100 -12.620904261406146
100 97 -2.2816760294790175
100 98 -5.916590430295493
100 99 14.174662408948198
100 100 -3.821278745968608
97 101 0.015989505914796687
98 102 0.030193543769617692
99 103 0.018718350125603165
100 104 0.1802177480645712
97 95 0.2293675776412919
97 96 0.2545257039537927
98 95 0.17300559843248178
98 96 0.2741653866943203
99 95 0.2736190499896674
99 96 0.2756255440892971
100 95 0.136708520894053
100 96 0.13840676558337028
101 101 -9.362874496968653
101 102 10.476428953797551
101 103 -1.1169413713070517
101 104 5.144111304917128
102 101 3.618150474929626
102 102 4.164633080081441
102 103 10.345348996584997
102 104 -12.807399590814818
103 101 8.797541784505754
103 102 1.8049266881382309
103 103 -3.0048535136222903
103 104 -3.043787802574269
104 101 -1.6963357187425399
104 102 -13.918821409269036
104 103 -5.862532722718498
104 104 11.808977172091833
101 105 0.05831362202638499
102 106 0.09547626401991478
103 107 0.23747803925882918
104 108 0.028205776555765748
101 99 0.14757837763301085
101 100 0.10330708758175364
102 99 0.21901332267975313
102 100 0.16436033561792945
103 99 0.2806907025251149
103 100 0.2843918826169291
104 99 0.13922513503046588
104 100 0.29961808820746993
105 105 3.5883851415235815
105 106 9.333823948096601
105 107 -10.302410444883314
105 108 -1.235313250716744
106 105 7.314708955584628
106 106 -5.915157829659405
106 107 13.471328272264586
106 108 -13.490207256250823
107 105 -6.421683089844482
107 106 -0.02549145384055194
107 107 4.431388048317051
107 108 1.31931580070883
108 105 -0.9821863918104786
108 106 -6.659944004591225
108 107 -3.960808168221738
108 108 14.58619631548966
105 109 0.21290123985965181
106 110 0.0882988944220698
107 111 0.29178299943502073
108 112 0.10135066894982848
105 103 0.10867329723187062
105 104 0.20178008006998532
106 103 0.26865799105133453
106 104 0.04162810790985958
107 103 0.19000599475581081
107 104 0.13952494903943088
108 103 0.20687040712144755
108 104 0.11701219949453068
109 109 13.15624767624591
109 110 0.2777060440578435
109 111 -2.142210100691813
109 112 -3.2836101240549045
110 109 -0.005548286229116232
110 110 -4.424891902676818
110 111 13.046050505934497
110 112 -2.100917296482324
111 109 4.698098922953709
111 110 11.076030243510207
111 111 -5.400802838220105
111 112 -6.306842519913888
112 109 -13.937814164347456
112 110 -5.429787944599527
112 111 -5.626064293893942
112 112 12.007435483590793
109 113 0.24484262084329292
110 114 0.2285258785284724
111 115 0.025826741626875437
112 116 0.15471665747065483
109 107 0.29664508568766035
109 108 0.1768632791417994
110 107 0.2922031054034863
110 108 0.01678115794107624
111 107 0.07208429190467265
111 108 0.1415853880888616
112 107 0.023046623857039393
112 108 0.0364205691961925
113 113 4.275833042034058
113 114 3.460968097283782
113 115 -10.666595805492348
113 116 2.7822834624110677
114 113 6.9677505568083955
114 114 -6.8950944693229
114 115 0.06886226455989225
114 116 2.360803081187049
115 113 -8.586063090160476
115 114 -9.12509840827293
115 115 6.063037834017966
115 116 12.25560012245507
116 113 -2.2949932600619625
116 114 11.506141828900484
116 115 6.700037721360262
116 116 -14.698799737243103
113 117 0.09932598558480119
114 118 0.20187501628244997
115 119 0.05199098757774898
116 120 0.07649725141474424
113 111 0.17386636650320686
113 112 0.2829823776404217
114 111 0.16385344245772887
114 112 0.21175675303475752
115 111 0.18791067272778536
115 112 0.028454057444526823
116 111 0.11826593007640589
116 112 0.08999601428794887
117 117 -6.623072235705757
117 118 8.38448851656587
117 119 0.6940542069457676
117 120 -7.257837425042608
118 117 8.551876560347383
118 118 -4.7322673812636
118 119 4.409484341221456
118 120 -12.812019645836948
119 117 2.0478007789656756
119 118 -10.125844158248926
119 119 8.577070255645308
119 120 0.04403587874810488
120 117 2.207993692100225
120 118 1.946328333856303
120 119 -9.201971191484583
120 120 16.610930711458764
117 121 0.2656105921037588
118 122 0.09707181090436456
119 123 0.008944200766812483
120 124 0.2770600950463543
117 115 0.03744591961163788
117 116 0.10832782372798173
118 115 0.28761586534097544
118 116 0.005810438411099583
119 115 0.069154742887571
119 116 0.13709945892456277
120 115 0.03441156442851068
120 116 0.03660675600034519
121 121 6.422070337972687
121 122 -8.518428620042634
121 123 8.959020112678573
121 124 -2.29537823540413
122 121 -4.614313406638092
122 122 9.921452358421744
122 123 3.141127672615773
122 124 -9.28974656813691
123 121 -5.201949495039879
123 122 1.7397947398320028
123 123 -4.8786778331725165
123 124 7.408625807900673
124 121 9.785753840458801
124 122 -1.9130832689820587
124 123 -16.53501270209533
124 124 9.958086934737308
121 125 0.09784279181575672
122 126 0.19685308749578367
123 127 0.1831907660087252
124 128 0.21628299657198405
121 119 0.14480901082535338
121 120 0.059804547310536124
122 119 0.17700914787701424
122 120 0.004369181397618704
123 119 0.23478906971885252
123 120 0.1677878930279231
124 119 0.14633383895747198
124 120 0.27293250066549724
125 125 -9.992782646041942
125 126 4.384558033582292
125 127 -12.855537488371128
125 128 10.939783594211653
126 125 11.096862574006112
126 126 -3.723388719598366
126 127 1.4565174605393851
126 128 -1.3956662683356837
127 125 -4.446430614842752
127 126 -4.695348334075074
127 127 11.266448259694927
127 128 0.06583354619706024
128 125 9.822218566035609
128 126 6.608740518131659
128 127 -0.45421726054113376
128 128 -11.907600635608091
125 129 0.05428855554218865
126 130 0.15459582439858946
127 131 0.17580759931960774
128 132 0.1746888438299116
125 123 0.013834611610675073
125 124 0.06856904246939317
126 123 0.12151575182534795
126 124 0.26820629148672087
127 123 0.23842869140012757
127 124 0.006138553786827039
128 123 0.22607322909638328
128 124 0.15523329585642445
129 129 12.244360108930735
129 130 -1.8812113111982878
129 131 -5.987392819636491
129 132 2.0779560786097546
130 129 -6.967558817711276
130 130 5.632740963950657
130 131 7.524777487596132
130 132 -8.261094161667469
131 129 -8.636237007211408
131 130 -14.216772948361868
131 131 14.859664427498387
131 132 3.424557217797547
132 129 -4.589280114970134
132 130 5.929631578003453
132 131 -4.756520621726759
132 132 3.0236340482796042
129 133 0.27314602498091517
130 134 0.2383141116164663
131 135 0.00801891507547543
132 136 0.033396522676335035
129 127 0.21118863525699852
129 128 0.223570535212575
130 127 0.22814325362465102
130 128 0.07462401916283246
131 127 0.2223274143998826
131 128 0.16162613345455856
132 127 0.2481492216662747
132 128 0.07041020960907167
133 133 -10.340612767044412
133 134 -0.38894984288983336
133 135 8.065889652048867
133 136 10.259739049667587
134 133 3.6570172686584064
134 134 8.289076447351066
134 135 -5.610912093683824
134 136 -9.647209850058966
135 133 -4.5752509126566325
135 134 0.6440865566640973
135 135 -6.8188798889183255
135 136 11.738307611362854
136 133 10.484740541764856
136 134 -8.820084371598137
136 135 6.954451811143163
136 136 -8.381243275288488
133 137 0.19729172876456327
134 138 0.2133432529335999
135 139 0.07146213977374631
136 140 0.17367566611506485
133 131 0.09098046351991308
133 132 0.06910998838951121
134 131 0.2517355950465372
134 132 0.10381715115703462
135 131 0.25667811499594684
135 132 0.09709536462818344
136 131 0.2248433643479872
136 132 0.24660982007303
137 137 11.900779133543944
137 138 -9.12377750496692
137 139 -4.808929326997415
137 140 -1.5535439775724078
138 137 -6.449464050830217
138 138 13.219622105746252
138 139 2.3399795827613765
138 140 -5.000483311554756
139 137 -2.750598756025595
139 138 -3.5491837472909658
139 139 -2.3360297792442912
139 140 10.394145562298423
140 137 -1.7937067845877777
140 138 2.396597679143874
140 139 14.257911272818095
140 140 -12.363155451454869
137 141 0.09095983980084656
138 142 0.16636420414091632
139 143 0.1350865300338129
140 144 0.08611824790434142
137 135 0.01860703287050165
137 136 0.06644482263128833
138 135 0.29469740749818896
138 136 0.19209806724749437
139 135 0.2421492922309598
139 136 0.19376777924097702
140 135 0.21066947043027623
140 136 0.0741359970352343
141 141 -2.826694342791798
141 142 17.155574647945084
141 143 -2.2109613415534084
141 144 -1.2088465434109268
142 141 0.07072576069450011
142 142 -12.090206053222317
142 143 -6.422867795509338
142 144 9.339323996790771
143 141 8.86018320103189
143 142 3.6046966734442814
143 143 3.29810448649893
143 144 -8.846141981185832
144 141 -0.856007177369789
144 142 -11.278467640007234
144 143 9.920633711061122
144 144 -2.389173528992551
141 145 0.13709756548992127
142 146 0.029467486861694425
143 147 0.26778165871795395
144 148 0.00012253701720017494
141 139 0.245551139731379
141 140 0.02393638276876542
142 139 0.2967878577856511
142 140 0.11300965288866932
143 139 0.27952307650255354
143 140 0.22667705804553728
144 139 0.11506335099391307
144 140 0.21401189575160257
145 145 -1.617050395318795
145 146 -5.968184669216158
145 147 -3.5252830355986813
145 148 13.419865701360573
146 145 -0.823487469090684
146 146 -2.6382487141554343
146 147 7.69146463054427
146 148 -5.298989464134954
147 145 -4.321039014616258
147 146 11.31951275521761
147 147 3.540986577442379
147 148 -8.785543357965382
148 145 15.238692668939358
148 146 -1.5807175894293994
148 147 -13.9843822455081
148 148 1.8874914818333157
145 149 0.26257731721602107
146 150 2.903396746622988e-6
147 151 0.11793887193176045
148 152 0.1240253717528364
145 143 0.23811037726517525
145 144 0.25530097853690115
146 143 0.2840317027895174
146 144 0.22632959358301397
147 143 0.0754714684550958
147 144 0.14059626572138342
148 143 0.29058803889303975
148 144 0.0043571000369226455
149 149 -3.1346792562749783
149 150 -3.176429692839986
149 151 -0.5662021119436107
149 152 9.306273473623731
150 149 15.755205597153967
150 150 0.9243649991865563
150 151 -5.007712744404593
150 152 -16.396861747314905
151 149 3.131699485273926
151 150 -5.551972657252533
151 151 8.011633835377962
151 152 0.3641501931242022
152 149 -6.912170052632816
152 150 11.953479493223231
152 151 2.229933329268495
152 152 -6.7493969956777065
149 153 0.16243832378166576
150 154 0.2570615570440424
151 155 0.24386704018552766
152 156 0.10744837855558195
149 147 0.23325162391571877
149 148 0.16534483765358496
150 147 0.06214145443346348
150 148 0.28412195543221025
151 147 0.16771012935287546
151 148 0.21167687729922563
152 147 0.06316015346958248
152 148 0.05853544201580221
153 153 -1.1399001919317724
153 154 3.2291348457173394
153 155 -13.773421668123643
153 156 11.126753782146144
154 153 -7.87363201445578
154 154 7.6313648962653176
154 155 -3.709805652718394
154 156 1.9272307308883274
155 153 4.549954889968316
155 154 -14.545096723366408
155 155 11.18204544664892
155 156 2.643942091147496
156 153 6.595196775554585
156 154 4.376747222405058
156 155 2.0067202592180258
156 156 -10.103606914026551
153 157 0.00669369179689292
154 158 0.1053637079395053
155 159 0.1552874158495785
156 160 0.26616601446641025
153 151 0.059038271585467324
153 152 0.14557880119988917
154 151 0.1391069531273309
154 152 0.2754140452647255
155 151 0.1159790324282381
155 152 0.08561584691424606
156 151 0.03388368175425407
156 152 0.012476630171514168
157 157 8.599225191779995
157 158 -6.952682226905085
157 159 -7.7742029865089215
157 160 3.1864809782000627
158 157 -6.677205183576654
158 158 11.450843874806521
158 159 -9.764550541775812
158 160 10.390286793858586
159 157 -1.7541224514087113
159 158 -10.067332673003916
159 159 12.718461611330703
159 160 -5.191326306322504
160 157 -0.031314135871680256
160 158 7.898182431871951
160 159 5.173747693527672
160 160 -6.467073727966875
157 161 0.01625644266659836
158 162 0.14554184963479336
159 163 0.10999073527768055
160 164 0.19262934542765245
157 155 0.011815459397250904
157 156 0.14925712754785586
158 155 0.11712478959227474
158 156 0.18029311764567182
159 155 0.06702634308531774
159 156 0.24508908741120025
160 155 0.04065682051371513
160 156 0.008353273227450563
161 161 -10.251734960018831
161 162 6.685201533412013
161 163 -6.921136889738429
161 164 11.743781895073592
162 161 -6.008832514643055
162 162 -0.6077241221911613
162 163 12.108636979217396
162 164 -5.5206927215975465
163 161 6.1418750799086705
163 162 -6.128121148064947
163 163 -6.948000089765783
163 164 7.221294304731165
164 161 8.953246493727816
164 162 2.683474616172896
164 163 3.9613122271425083
164 164 -12.964064908956832
161 165 0.1566462483298194
162 166 0.22904385529975752
163 167 0.0008531237460984942
164 168 0.29598580524120993
161 159 0.2785578922956078
161 160 0.0022081021670421696
162 159 0.07021606201750176
162 160 0.15098829129014393
163 159 0.2903652549242219
163 160 0.13327981339966957
164 159 0.07134084578602008
164 160 0.22055183649079552
165 165 -7.393748125963564
165 166 -3.971838781437759
165 167 -7.128796746975056
165 168 10.79377057746087
166 165 5.886523444694105
166 166 -10.935468078691219
166 167 2.014801374588729
166 168 -1.3067101449446006
167 165 6.589945406359282
167 166 11.347765318498887
167 167 0.32519069850358817
167 168 -6.389715839997587
168 165 -8.152964325602966
168 166 15.147716762038252
168 167 8.597034949095098
168 168 -3.9067488601519353
165 169 0.27374173293200504
166 170 0.26386799708452907
167 171 0.1057126322705165
168 172 0.015468091286923634
165 163 0.13722746927529014
165 164 0.18604854232996296
166 163 0.09352267872600377
166 164 0.12919608480765316
167 163 0.27363439386990945
167 164 0.11663320483478143
168 163 0.2826616308314628
168 164 0.0796206871274032
169 169 14.688066567130578
169 170 0.2316818549210638
169 171 -11.56202655656917
169 172 -1.7722308145674368
170 169 1.3859266408374955
170 170 8.557784421141355
170 171 -4.960257840509433
170 172 2.171444701281731
171 169 -5.045111052705748
171 170 -6.757240620658585
171 171 1.4342759865331436
171 172 10.574916023510523
172 169 -8.391952368308422
172 170 4.737093272306732
172 171 12.764311019006021
172 172 -9.905451591587719
169 173 0.2594276393235771
170 174 0.1803772299790116
171 175 0.2977458145760227
172 176 0.006628729396246658
169 167 0.18768881878528135
169 168 0.2004015203085611
170 167 0.29059988784789903
170 168 0.18818270274316365
171 167 0.06307429095934348
171 168 0.017345377536760576
172 167 0.026142695968325903
172 168 0.1474381758166852
173 173 9.671869750834928
173 174 -4.729703403471058
173 175 3.3224663244384995
173 176 -8.646928693362128
174 173 9.795886147687176
174 174 -0.36632623093773353
174 175 -13.867893999982932
174 176 2.6027373874080246
175 173 -5.837044740706637
175 174 11.009820510347787
175 175 -2.246579481659249
175 176 2.576324495693634
176 173 -13.206014475623821
176 174 -2.4092241578218054
176 175 10.491253470170022
176 176 6.469079664564533
173 177 0.12167056105521368
174 178 0.20725078020369272
175 179 0.16728284363184034
176 180 0.208295641234468
173 171 0.12329133067590327
173 172 0.12284257676589111
174 171 0.037116579470781376
174 172 0.12473191863126365
175 171 0.2564056828531052
175 172 0.24182197782290432
176 171 0.27503030786994676
176 172 0.21731401475380577
177 177 11.205443545487348
177 178 -1.9882675925999171
177 179 -6.0308730437890175
177 180 -1.3610203773384917
178 177 -7.825719750529786
178 178 -12.380108885341672
178 179 11.83263538095015
178 180 8.179901253555899
179 177 -14.067843059597134
179 178 5.865225276132614
179 179 -2.3388034421298816
179 180 6.648336383302831
180 177 6.737421515640916
180 178 3.580046953240581
180 179 2.6839477118837225
180 180 -7.709823364087752
177 181 0.14818917168208706
178 182 0.10733533260031189
179 183 0.046831320982412626
180 184 0.1697350158018829
177 175 0.2740333174955602
177 176 0.21805753481636553
178 175 0.1803824250987993
178 176 0.2877835859491547
179 175 0.196444231611441
179 176 0.21469023875711468
180 175 0.2436104598764679
180 176 0.23233143603485015
181 181 -5.242847012045322
181 182 8.117758742569233
181 183 -8.634769008938994
181 184 6.724450832532819
182 181 -2.283675323702606
182 182 9.37907769385713
182 183 0.4967861330761319
182 184 -8.219948892324972
183 181 1.3509283503992253
183 182 -9.318251619663696
183 183 11.353411142577755
183 184 0.007092652436366079
184 181 8.640472728662273
184 182 -0.4615580421742423
184 183 -16.821274170816924
184 184 6.816125048636259
181 185 0.05796255064167655
182 186 0.00042026743866963034
183 187 0.06933653265790751
184 188 0.05126072013230434
181 179 0.04033351833511107
181 180 0.07292281128260274
182 179 0.26811851427178857
182 180 0.28053713125312424
183 179 0.17475721036063663
183 180 0.2604409406835509
184 179 0.19455397519490114
184 180 0.17701900814452973
185 185 3.09609403401337
185 186 -5.484421239696133
185 187 10.32938503951682
185 188 -8.813754985901914
186 185 -4.602368334591188
186 186 -2.8243740295873416
186 187 3.750275506681397
186 188 5.866667893750078
187 185 -6.594087267554171
187 186 16.104174716572974
187 187 -4.050548879624565
187 188 -15.191909458282492
188 185 6.06003920871313
188 186 -1.1202274768555538
188 187 -6.576821108107045
188 188 7.9406902436872695
185 189 0.16496224240642368
186 190 0.23556042555953577
187 191 0.049486567414586236
188 192 0.17711143131228343
185 183 0.23713165385468438
185 184 0.17539014729872263
186 183 0.22786119276590866
186 184 0.10425904086444386
187 183 0.2915689162351062
187 184 0.08553450718308246
188 183 0.28809389320065276
188 184 0.29879421824187513
189 189 9.712482067059224
189 190 -4.795159256994408
189 191 4.105056564583037
189 192 -7.795318117415339
190 189 -9.715606028039186
190 190 1.5446026006327878
190 191 6.4527209995333425
190 192 3.13727616348144
191 189 5.2295704614365395
191 190 4.486582991344211
191 191 -3.7774172928753256
191 192 -8.646694676903811
192 189 2.197466353129435
192 190 -2.4359869464098454
192 191 -12.45897710615794
192 192 18.71618851261715
189 193 0.16477430969249643
190 194 0.1377973262614857
191 195 0.23030120938602539
192 196 0.2823516875903401
189 187 0.28697368216172414
189 188 0.0966135498570352
190 187 0.2592372930378549
190 188 0.14961181153990885
191 187 0.22397463654985764
191 188 0.004062689774899431
192 187 0.09875157238718543
192 188 0.21105622845306163
193 193 -6.340462676923248
193 194 3.441359443447008
193 195 -7.440219837019758
193 196 13.5366212975785
194 193 5.792210062579476
194 194 3.371179109092433
194 195 -12.86148975587456
194 196 9.790201766809927
195 193 3.262262112728893
195 194 8.152762915378982
195 195 0.8845570709238552
195 196 -11.824029591013494
196 193 0.6889162092637962
196 194 -10.24712288854036
196 195 8.71191228137193
196 196 -0.3201759116455991
193 197 0.04909331993480672
194 198 0.15681909388114443
195 199 0.20427447347155453
196 200 0.1103187212746383
193 191 0.21145379353853413
193 192 0.22690520352800833
194 191 0.2873258370230981
194 192 0.20510609307565533
195 191 0.18758519860752879
195 192 0.17834661596271895
196 191 0.07553629282717848
196 192 0.08385404374507907
197 197 10.708575371718537
197 198 1.7338946506540123
197 199 -17.546142541955312
197 200 6.518971737808401
198 197 3.7545266767304026
198 198 8.610637167042043
198 199 -3.404533100402919
198 200 -2.411180938272702
199 197 -11.647046320786743
199 198 2.471437994428356
199 199 5.919423217860033
199 200 3.667420187129557
200 197 10.743288824336235
200 198 -9.603779169993853
200 199 1.5507524831458899
200 200 -4.690930813504203
197 201 0.21668220283225445
198 202 0.24327927275852768
199 203 0.05593062353158287
200 204 0.19983301736164652
197 195 0.1307989818573404
197 196 0.24643793093133323
198 195 0.1994812328136754
198 196 0.21352774764457302
199 195 0.1593462117640842
199 196 0.006540224481001333
200 195 0.24844757150820268
200 196 0.18039281580078992
201 201 4.42124162053149
201 202 -11.923375073889295
201 203 -2.4546053186249615
201 204 13.455057205718571
202 201 -1.392771729932664
202 202 5.268394178955611
202 203 10.313634994222157
202 204 -10.343129538371612
203 201 -11.05396117449615
203 202 6.610524129280321
203 203 3.8365370415583313
203 204 -1.9995849880895855
204 201 9.636923073161725
204 202 4.891820268710144
204 203 -7.839365170708067
204 204 -6.427490201991988
201 205 0.1406195219312268
202 206 0.24576397499656807
203 207 0.1481378856220341
204 208 0.17241925707862862
201 199 0.043114392537825515
201 200 0.2859011003874861
202 199 0.26765223763113494
202 200 0.04074236187075262
203 199 0.299222105074056
203 200 0.22121034280084106
204 199 0.19662929673472185
204 200 0.18429142942664234
205 205 13.202427785254697
205 206 -12.537256798155283
205 207 -1.6210768831303435
205 208 4.5645525272541505
206 205 -5.153846173572267
206 206 5.93395480228147
206 207 -6.008317739724826
206 208 3.5593600709380073
207 205 -12.63034238600599
207 206 -2.3278585049751945
207 207 11.511278601902058
207 208 4.923430537584679
208 205 11.27799264551771
208 206 2.511927557359629
208 207 -4.547668593075582
208 208 -7.3911312564818195
205 209 0.14488468806938865
206 210 0.10990220834125841
207 211 0.16707647663994374
208 212 0.22125293184085076
205 203 0.21208535746875298
205 204 0.19221159208745223
206 203 0.07724366301464329
206 204 0.22389435472830926
207 203 0.09129404377257412
207 204 0.2879107243643856
208 203 0.25781499761734533
208 204 0.245910681819259
209 209 -5.609508857915949
209 210 8.114363921207772
209 211 0.29940718666037164
209 212 5.264898261285834
210 209 0.06686778856963638
210 210 11.925580224481001
210 211 8.48392467819499
210 212 -9.50802495207763
211 209 14.037160866781548
211 210 -4.732868882188734
211 211 -12.3657453727006
211 212 -4.059533468861714
212 209 1.0362492515849249
212 210 -12.086620689258794
212 211 -2.359366932917013
212 212 4.971723096775602
209 213 0.22489002303635555
210 214 0.13139728191485547
211 215 0.18089293945012921
212 216 0.11970241867658941
209 207 0.1812977385701439
209 208 0.20749307665282415
210 207 0.14977209383964069
210 208 0.17257561565106785
211 207 0.14142442320555584
211 208 0.03976361777565467
212 207 0.19061872230981633
212 208 0.2818198654241341
213 213 15.951854744773923
213 214 7.195021398930306
213 215 7.829014963199247
213 216 -14.973895446395304
214 213 -4.9312987551792915
214 214 6.712646469229503
214 215 -8.002019174688627
214 216 -2.932289683680719
215 213 -4.036575615618262
215 214 -5.730812192233256
215 215 10.112574622516817
215 216 6.124258352750635
216 213 4.517484020317037
216 214 -1.6524043476974466
216 215 -6.519747092909192
216 216 2.774698602394158
213 217 0.18362445258955967
214 218 0.20319600564555346
215 219 0.05024315279056688
216 220 0.1369242907585292
213 211 0.28194212027810267
213 212 0.09631595522890166
214 211 0.10083862370918936
214 212 0.14832520325013712
215 211 0.17035275625842905
215 212 0.05420871345167828
216 211 0.10312478047915775
216 212 0.1264452125035996
217 217 10.265507383892503
217 218 -12.151755854349117
217 219 -8.889522892374782
217 220 5.932773703618371
218 217 0.3114529550113797
218 218 6.52334677684062
218 219 6.955602265360313
218 220 -9.579519231871835
219 217 -7.056226804497653
219 218 1.3786562552270611
219 219 9.357740725158061
219 220 0.6540488848044645
220 217 -10.246907376858628
220 218 11.549026488318246
220 219 -5.051677835126996
220 220 6.507643602415241
217 221 0.16366884659029202
218 222 0.14992312372149855
219 223 0.13714827420591996
220 224 0.271437481155616
217 215 0.22561629689635526
217 216 0.09823793658379261
218 215 0.10409144127506383
218 216 0.05145249241337328
219 215 0.0716117611065373
219 216 0.25297579999758807
220 215 0.17493827022948397
220 216 0.2805392809346158
221 221 1.9650816535715123
221 222 5.255964397344755
221 223 -10.776350697916858
221 224 2.1951113356749965
222 221 -7.622975293883171
222 222 0.14823056697068507
222 223 12.6971847438342
222 224 0.6180777672264596
223 221 5.010802534844246
223 222 7.729254298644674
223 223 -1.4847408798438313
223 224 -13.536595060166828
224 221 1.8174890360548863
224 222 -14.575351435800167
224 223 4.354876921527755
224 224 10.900932748905387
221 225 0.02840911187220516
222 226 0.24369798333687276
223 227 0.15703429077430714
224 228 0.08920280209153676
221 219 0.12509115748709346
221 220 0.1904140089894283
222 219 0.035862636203103856
222 220 0.13634894717981674
223 219 0.06123313343538001
223 220 0.12981182156107998
224 219 0.045108746745458214
224 220 0.23379334529636428
225 225 -3.8520120279463477
225 226 8.378868349898584
225 227 -14.62153315306946
225 228 9.841308388308562
226 225 -5.204749895147063
226 226 4.870752487951635
226 227 6.1801976182946605
226 228 -1.8797209891349878
227 225 -4.195279798769063
227 226 -5.733203394945402
227 227 6.487385722321308
227 228 5.609269793155315
228 225 14.264911491790238
228 226 -4.850967087167057
228 227 1.0943521569473114
228 228 -12.471442499978645
225 229 0.0823871224022906
226 230 0.0825244633313654
227 231 0.29133436662119083
228 232 0.23609445991511746
225 223 0.14225310508687367
225 224 0.0734776614371035
226 223 0.18728491828652513
226 224 0.07457880198889759
227 223 0.015935873060055995
227 224 0.12771875109469855
228 223 0.21043069337264597
228 224 0.29550661811938944
229 229 -5.779934750349971
229 230 2.3861947284698464
229 231 1.9337787848837669
229 232 3.82349311852994
230 229 -2.493244436535062
230 230 9.04002646043354
230 231 -1.4612109636722537
230 232 -9.377705473068232
231 229 7.277927157904824
231 230 -15.56529358134346
231 231 15.666636585808172
231 232 -6.334147944914682
232 229 7.0447230026658465
232 230 -3.4124397634044317
232 231 -7.182555406215298
232 232 8.176276399562925
229 233 0.13237271827916255
230 234 0.27847301304611904
231 235 0.019314083007270687
232 236 0.15490138466800638
229 227 0.29703933721344966
229 228 0.22069759710076894
230 227 0.004367587744777878
230 228 0.04507132616645948
231 227 0.009581403473155836
231 228 0.01800585411301563
232 227 0.1311581284833283
232 228 0.1452062843382721
233 233 6.703335361079504
233 234 8.869389948239787
233 235 -8.115840761782948
233 236 -3.4234829636078166
234 233 -3.2931160698497597
234 234 5.478533046917988
234 235 -2.965853913353074
234 236 7.8872641104601495
235 233 -7.62556222502152
235 234 -3.8771519417550047
235 235 10.952634333564408
235 236 -3.9199902515896587
236 233 9.722374305186705
236 234 -18.66223090055671
236 235 4.362094330398914
236 236 -3.55086294067308
233 237 0.0007832897349630219
234 238 0.2941829142691175
235 239 0.1838593953328022
236 240 0.2877416667069498
233 231 0.10413013078166182
233 232 0.052388692235195246
234 231 0.22854381207687258
234 232 0.15997222955163373
235 231 0.21398572073881275
235 232 0.23180312085619037
236 231 0.007479816871915013
236 232 0.015312510008542323
237 237 -15.654250701857334
237 238 4.059958336630479
237 239 -1.9596889972549918
237 240 9.213840451209695
238 237 2.052579715086859
238 238 -0.3155804755060453
238 239 10.112843260584803
238 240 -10.58461747223122
239 237 9.350783723183884
239 238 5.754648858849225
239 239 -0.25645198160124055
239 240 -7.483205671432228
240 237 12.229801339531145
240 238 -8.728940679294587
240 239 -3.848599252917346
240 240 3.1493013842999042
237 241 0.0880142555709404
238 242 0.2779821913850982
239 243 0.2417925046476058
240 244 0.11911315179144523
237 235 0.23964523489096476
237 236 0.0013474089869369486
238 235 0.21616170986915104
238 236 0.026636311920344522
239 235 0.17255687501645345
239 236 0.1493868033611914
240 235 0.2418155603788631
240 236 0.015343260225898025
241 241 -12.89338839689496
241 242 2.7240990864609915
241 243 9.2884244587398
241 244 -3.6088460367458124
242 241 -5.808246814199538
242 242 12.71605049572217
242 243 -10.43231016331353
242 244 -2.384333846917224
243 241 0.7496222610289606
243 242 -2.6439519471812867
243 243 0.30322955263070955
243 244 7.727375875788451
244 241 17.086324012335695
244 242 -6.2580564008869
244 243 -3.2090333042730816
244 244 -2.080642263841939
241 245 0.2748430170542903
242 246 0.08796989622771254
243 247 0.27923012065373176
244 248 0.11702030765941564
241 239 0.08408495274436908
241 240 0.2459926148727133
242 239 0.08582983431899856
242 240 0.2873929538382839
243 239 0.279591233617758
243 240 0.22555832123400305
244 239 0.05212462401363738
244 240 0.07619963104075497
245 245 0.41834259891339576
245 246 4.586090048375224
245 247 -8.10977892633476
245 248 7.33383579763582
246 245 8.25717162771357
246 246 -11.037918653345642
246 247 1.3733523070580589
246 248 -6.243488074675335
247 245 -2.0775448540449766
247 246 14.503704159650473
247 247 8.241366106198527
247 248 -7.901407930684247
248 245 -4.0711846734200545
248 246 -12.980814178459203
248 247 -2.213247604156764
248 248 9.45276671241388
245 249 0.2420295337413545
246 250 0.1965802053389
247 251 0.16799462742848006
248 252 0.1944745757860323
245 243 0.029907355990463656
245 244 0.014143495793414984
246 243 0.10864614990644712
246 244 0.20318209388855393
247 243 0.08095179953942049
247 244 0.08858113519369801
248 243 0.05632967953083372
248 244 0.13490563452681473
249 249 -12.311790602492763
249 250 3.0788979600910875
249 251 5.03066232343056
249 252 5.193046210504974
250 249 13.207781607655601
250 250 -18.13453964649843
250 251 0.24065412454320498
250 252 0.9453687547427303
251 249 -0.8651794272036164
251 250 3.2324095759502676
251 251 3.9735381430309604
251 252 -6.538926112999509
252 249 7.20069064004017
252 250 8.134433572330408
252 251 -9.516934415701492
252 252 0.2677393817121341
249 253 0.2000989437395461
250 254 0.08553430707685288
251 255 0.27489164785177517
252 256 0.004571874069257809
249 247 0.13788690123496683
249 248 0.2393293876326767
250 247 0.11844262692818765
250 248 0.022368969754282462
251 247 0.0657023341941266
251 248 0.24917120755092492
252 247 0.17208230550165174
252 248 0.1476426206479573
253 253 8.315550245688668
253 254 9.173124313045452
253 255 -3.8315433295879378
253 256 -7.337869206829746
254 253 -1.6557888161174605
254 254 -8.568874315392687
254 255 -4.015659723635969
254 256 9.19917487377648
255 253 -6.362231428427331
255 254 14.202847730003459
255 255 -4.261624592151924
255 256 0.6709756048282509
256 253 4.441174498751566
256 254 -12.074915518733173
256 255 12.308785229126741
256 256 -4.406636620819547
253 257 0.2796749200686491
254 258 0.13661379138982596
255 259 0.031376533373034185
256 260 0.10749376862369413
253 251 0.01336183572463363
253 252 0.031154789421919824
254 251 0.09629164773488626
254 252 0.08888844571648317
255 251 0.16204588917049625
255 252 0.2475508726890075
256 251 0.13776435353809058
256 252 0.048743986262496715
257 257 17.059187331863953
257 258 -8.130007203068425
257 259 -2.4994178068109107
257 260 3.6710842231582514
258 257 5.458808217401097
258 258 5.11740941662619
258 259 -3.96874766186331
258 260 -3.2625023005498712
259 257 -12.25982014173354
259 258 3.016998038889822
259 259 9.38466576220166
259 260 -5.311644372564058
260 257 -4.734608159169237
260 258 1.388379209922106
260 259 -10.199774705312745
260 260 11.520039773274146
257 261 0.19656583469447217
258 262 0.13951308390676417
259 263 0.25821800666888933
260 264 0.2856842434543572
257 255 0.24245767532643636
257 256 0.0014158460396280325
258 255 0.2555837998110943
258 256 0.25733116266992645
259 255 0.18051868736555934
259 256 0.044150449165104244
260 255 0.2502364150050468
260 256 0.27100452134300945
261 261 14.43891683987968
261 262 -12.920783504563166
261 263 -8.26049811420599
261 264 1.3944811437521931
262 261 -5.355586707192342
262 262 10.87965500228761
262 263 4.42485722739465
262 264 -4.96405443432113
263 261 -2.8572834380438454
263 262 -9.53929650862679
263 263 5.738739061852793
263 264 2.399548326719985
264 261 0.6246445288960656
264 262 8.809134628523129
264 263 -8.26427744430863
264 264 8.65896687964718
261 265 0.16597232949874988
262 266 0.12106377377468619
263 267 0.08184053651274734
264 268 0.19564061365091032
261 259 0.2130257338834722
261 260 0.2740095584350827
262 259 0.24392234036835023
262 260 0.24442337118996424
263 259 0.057358292483812495
263 260 0.0176378611538059
264 259 0.08664828310862778
264 260 0.0227550047703122
265 265 -19.630835587034777
265 266 5.093643362171684
265 267 -0.377298078779382
265 268 6.808461565790062
266 265 9.154095770887551
266 266 5.210888693833337
266 267 -4.602119636589404
266 268 1.7124319775448908
267 265 4.525194691060473
267 266 -5.750273660798054
267 267 -1.7453515933158958
267 268 8.239784867922184
268 265 5.695427466099267
268 266 0.8708620347805492
268 267 5.844446214903798
268 268 -14.535736742501147
265 269 0.11756236819315995
266 270 0.16838415217595185
267 271 0.07247966016300386
268 272 0.23118429596492018
265 263 0.19412154250468971
265 264 0.12687422134922824
266 263 0.07128731495376618
266 264 0.1123008213738227
267 263 0.019778905300409377
267 264 0.15471956400076728
268 263 0.23439998876844048
268 264 0.07705444588488349
269 269 -1.6054891003299705
269 270 7.23439289560004
269 271 1.9764721331501074
269 272 -3.036416156356721
270 269 2.7027413159350178
270 270 7.247795889796587
270 271 -12.00633851117395
270 272 3.226036465282108
271 269 8.918659052168694
271 270 -15.379344138892193
271 271 2.712971973414294
271 272 -5.870627210341939
272 269 -12.074239658480723
272 270 4.838835281070446
272 271 6.3307765394450755
272 272 12.099312352736037
269 273 0.11931007289851447
270 274 0.005301401441826203
271 275 0.0634786043048616
272 276 0.15315471847205026
269 267 0.2855927032880024
269 268 0.05019687253220879
270 267 0.19766077549892136
270 268 0.007644685467412881
271 267 0.17351606682174073
271 268 0.2393659852003935
272 267 0.23347933532046292
272 268 0.08534527638489232
273 273 5.914051730934385
273 274 4.803136091388134
273 275 -15.25161294000741
273 276 -2.4165474948690466
274 273 -4.544040340243167
274 274 -8.672788505302476
274 275 -10.614799114813627
274 276 10.083851018170025
275 273 -4.0042718966515425
275 274 7.474238204999613
275 275 6.335576445219036
275 276 -0.622787971914481
276 273 0.6599381771306277
276 274 -7.433785656084718
276 275 14.870702111937549
276 276 -0.13641579792128497
273 277 0.21763682343593868
274 278 0.17667885501170588
275 279 0.21445746735118962
276 280 0.29748751659293543
273 271 0.1742446622921085
273 272 0.010685650107659228
274 271 0.1084226567675558
274 272 0.02371908574453405
275 271 0.1956001350971094
275 272 0.28593374742731964
276 271 0.07950041190254258
276 272 0.2641305429509053
277 277 -11.589996415038506
277 278 -1.1476747271364336
277 279 7.761779192808322
277 280 5.280751751457846
278 277 11.43260451896331
278 278 -0.5370347041723537
278 279 -13.267658781685554
278 280 4.071339981878632
279 277 5.626759520001015
279 278 14.148758453431746
279 279 -5.314345584069627
279 280 -10.459293336716323
280 277 1.9314925493479003
280 278 -1.4979597556203958
280 279 6.086213093906364
280 280 -6.0100272947719775
277 281 0.03706950671013049
278 282 0.15023081171040986
279 283 0.15056735655414025
280 284 0.21202170222634212
277 275 0.03092572672719518
277 276 0.20557009075953456
278 275 0.0737673821162469
278 276 0.1413031811915943
279 275 0.07760274282922232
279 276 0.09795115901147812
280 275 0.2562723484800037
280 276 0.13090684828623433
281 281 -10.531391025665977
281 282 -8.28968366475439
281 283 5.202397851263242
281 284 11.734332844796052
282 281 4.401990006312116
282 282 7.747163180738038
282 283 5.732453546971701
282 284 -14.776464277957276
283 281 0.747833490439202
283 282 4.408812720232416
283 283 -10.759186125852416
283 284 4.372110054175204
284 281 11.792096039478258
284 282 -0.9516856250262811
284 283 -5.096789673280802
284 284 -0.44905126885950075
281 285 0.1687016105023307
282 286 0.15099710789223955
283 287 0.09428520028531596
284 288 0.028515763921789047
281 279 0.15297095842046374
281 280 0.20431176777061558
282 279 0.12096421794389123
282 280 0.09999980615622787
283 279 0.13884570894058657
283 280 0.09398571302582805
284 279 0.0480526069037938
284 280 0.23815603689145373
285 285 9.800696674218702
285 286 7.80002892859619
285 287 -10.099142185182076
285 288 -11.158435376016298
286 285 -3.5760006444601324
286 286 -7.821101966412702
286 287 15.10365738293624
286 288 0.5838064365812686
287 285 7.2558722411486425
287 286 -5.7161318941112516
287 287 -4.469355969188529
287 288 0.15832791550446712
288 285 -6.64314849632986
288 286 8.869336319100304
288 287 -5.86920549854626
288 288 6.9005542844310375
285 289 0.19267198227797586
286 290 0.14577389356777506
287 291 0.12951004301473748
288 292 0.027951053688164106
285 283 0.12299546086541524
285 284 0.27140439877297995
286 283 0.02811686315629078
286 284 0.04134427383720291
287 283 0.09757933061310853
287 284 0.01797982929704305
288 283 0.08933275598400582
288 284 0.22146067515389437
289 289 2.3151275747171343
289 290 6.201644645540656
289 291 10.807291367142355
289 292 -11.519408209690111
290 289 8.413277702691547
290 290 -9.686995352765061
290 291 3.6207159825782207
290 292 -4.745752353124259
291 289 -13.021256307749011
291 290 7.317940794635464
291 291 -1.1210095278308414
291 292 8.47833333246836
292 289 1.5224427653301276
292 290 4.4570410817409405
292 291 -11.478349564680762
292 292 7.228615209416065
289 293 0.276474104656548
290 294 0.1277685108461493
291 295 0.03194526974088913
292 296 0.16905874624495523
289 287 0.06439106998701849
289 288 0.24483254577808566
290 287 0.17172290556716127
290 288 0.0028822037380941577
291 287 0.18171191151234445
291 288 0.15520316638298443
292 287 0.29704883601130033
292 288 0.17618552979489963
293 293 -7.470360078970771
293 294 9.040862943376027
293 295 4.273618689494502
293 296 2.184991378394038
294 293 -8.080193974806782
294 294 -2.667357703895984
294 295 1.8021495860584777
294 296 11.966865259093886
295 293 13.697353652248333
295 294 -2.960246506125451
295 295 -13.547548412278008
295 296 -3.3908873648272775
296 293 5.287168076937188
296 294 -2.315192895360407
296 295 7.228800832235641
296 296 -11.814229006054022
293 297 0.05990553094495416
294 298 0.16520122176384147
295 299 0.11469369774871398
296 300 0.04048026635973707
293 291 0.2802245976632535
293 292 0.19206053870735762
294 291 0.12349821986259596
294 292 0.14253557624903687
295 291 0.27028328650931527
295 292 0.1574527725881561
296 291 0.16614118790233637
296 292 0.0075665206917894245
297 297 -10.038028052268958
297 298 -6.112872458269922
297 299 0.022931259243361396
297 300 10.967259935291429
298 297 2.381693913619448
298 298 13.207101160848367
298 299 2.2056773109839805
298 300 -13.446582207605351
299 297 1.8490208001390416
299 298 -2.0693435004543113
299 299 -6.527099647586669
299 300 8.15588260029206
300 297 9.540586163760677
300 298 -10.45818342385114
300 299 7.027011345876781
300 300 -2.283880423998851
297 301 0.0757991783532963
298 302 0.04511977780052734
299 303 0.25650019674831065
300 304 0.1641895007704378
297 295 0.21819164021950443
297 296 0.1794307092488935
298 295 0.21608013719037936
298 296 0.2032319906984772
299 295 0.16551173437756425
299 296 0.07043204082550203
300 295 0.28370715704226424
300 296 0.2503810557494541
301 301 6.850541407991745
301 302 0.5297876493933517
301 303 -3.9077992018781846
301 304 -0.9160413035859685
302 301 4.4169058685218925
302 302 -4.439302728181481
302 303 10.544900403053946
302 304 -8.150597414721904
303 301 -8.631105116709142
303 302 17.532003907655547
303 303 -10.671019840870128
303 304 -1.4860391575847276
304 301 -5.628916660090511
304 302 -6.910792501543309
304 303 1.6580917135798159
304 304 11.648889004051778
301 305 0.28328831145183203
302 306 0.2586957547769056
303 307 0.16104402768941156
304 308 0.2643501576152331
301 299 0.06005361313759543
301 300 0.07704372134096801
302 299 0.007040698159784009
302 300 0.25435888446096294
303 299 0.08931736934703183
303 300 0.1894934749225903
304 299 0.13603237810284524
304 300 0.18654587120903113
305 305 -9.454043629960703
305 306 3.2525343927247183
305 307 1.6010520068596121
305 308 14.410963821417743
306 305 -6.371854081404486
306 306 -6.1966035983475685
306 307 14.613971604629805
306 308 1.390619499732167
307 305 9.273512137007256
307 306 -1.624199009786097
307 307 -9.992792383983007
307 308 0.5275143568018088
308 305 4.287660103947685
308 306 4.959740699195476
308 307 -1.880952804776759
308 308 -12.490442858588507
305 309 0.19947172188676304
306 310 0.13709382178028512
307 311 0.02789867124684209
308 312 0.014523680189176602
305 303 0.08984410279664312
305 304 0.28006799601921045
306 303 0.20574039172712646
306 304 0.17257408057735446
307 303 0.05277015676310841
307 304 0.26410700681110433
308 303 0.0723852346760278
308 304 0.15799954070836078
309 309 11.002815227427098
309 310 -4.841669760015459
309 311 -4.335766354146967
309 312 0.977994741066736
310 309 -9.00832298459056
310 310 0.9929443393666879
310 311 4.676674576874138
310 312 3.9287642999993038
311 309 -8.182496208422828
311 310 9.227905624275872
311 311 -7.828734511821096
311 312 -2.051723319933081
312 309 7.968331373072695
312 310 -2.01791407341203
312 311 19.049117456506718
312 312 -8.016068546110422
309 313 0.03896632300872425
310 314 0.2810617135771356
311 315 0.20576021615088816
312 316 0.060530067001218435
309 307 0.009179539732853592
309 308 0.018590453757601044
310 307 0.09701144879539855
310 308 0.029938255460330975
311 307 0.15572245279636818
311 308 0.057775241815580886
312 307 0.2836078557350285
312 308 0.0786798913240738
313 313 -0.8750802878610633
313 314 -9.636592706855739
313 315 10.906603966618698
313 316 -0.3087322360202674
314 313 4.744060802933401
314 314 9.981087162153703
314 315 0.4454580757168342
314 316 -8.87803726388364
315 313 -11.69358952570593
315 314 0.48983947635157504
315 315 -7.260908573048639
315 316 14.69586742307308
316 313 11.25108989891499
316 314 -4.092154314397066
316 315 -0.4110086017172451
316 316 -5.744895749201164
313 317 0.0234736614235046
314 318 0.20677619722506785
315 319 0.15587722515501956
316 320 0.0906494530507699
313 311 0.04105809330348293
313 312 0.0059007709439391045
314 311 0.23911134510409027
314 312 0.08905307654549321
315 311 0.2231439944341771
315 312 0.07383671873032109
316 311 0.04772025464394973
316 312 0.08948425552710017
317 317 -9.935469264625036
317 318 16.0245622294227
317 319 3.146294282442033
317 320 1.5636990520833687
318 317 13.26543280984538
318 318 -6.838970144208055
318 319 -9.54928826711334
318 320 -1.7644791822649
319 317 -1.1393062340703561
319 318 -5.431479897104654
319 319 10.251717104804511
319 320 -9.954132281019826
320 317 0.24127026016014863
320 318 -3.6678642222322666
320 319 -1.8672526196249495
320 320 7.68963605651006
317 321 0.2999367589946106
318 322 0.08460961329834124
319 323 0.2321249808787641
320 324 0.2596380758243346
317 315 0.13833364734718337
317 316 0.27809929258184457
318 315 0.15460315284930565
318 316 0.19826072303090542
319 315 0.29685537698109443
319 316 0.044184468685928756
320 315 0.27173085220479104
320 316 0.014632819570415866
321 321 -0.8574004903558788
321 322 8.23009724252488
321 323 -11.28357291581504
321 324 7.04402027029785
322 321 -13.03131890580986
322 322 5.089784126475305
322 323 1.0183513694008564
322 324 9.027510466686806
323 321 10.253085615895037
323 322 1.0738279229423915
323 323 3.5083515140865194
323 324 -13.152932745064454
324 321 1.0211804492920995
324 322 -11.767473795707746
324 323 6.035927182632764
324 324 2.1916335578342743
321 325 0.25310840917688693
322 326 0.11016072649277373
323 327 0.24140205883951718
324 328 0.09446260131555315
321 319 0.09585670767654864
321 320 0.2236829509749085
322 319 0.11793040677253545
322 320 0.0838077551128779
323 319 0.1350440194813019
323 320 0.031121669571927146
324 319 0.26523935258827314
324 320 0.2704907449446375
325 325 3.0540021718100525
325 326 4.322390767639854
325 327 7.462279329502381
325 328 -12.398121739614405
326 325 -6.2338051842718185
326 326 -7.698657774561306
326 327 4.870297557931453
326 328 15.030798791205703
327 325 -4.878033574138201
327 326 11.33500357846991
327 327 1.6984662038586178
327 328 -7.893574780151916
328 325 8.335617228365702
328 326 -0.8290757915468587
328 327 -11.018181132892472
328 328 -1.332508709833643
325 329 0.16835736665471188
326 330 0.10422289318855284
327 331 0.0564315436232043
328 332 0.06767865781938143
325 323 0.23155913640989045
325 324 0.10559616647087255
326 323 0.1909095437428279
326 324 0.1313207431867608
327 323 0.251172614523204
327 324 0.13452294941556028
328 323 0.21694107895937834
328 324 0.22578537845185154
329 329 4.4236269600717755
329 330 -17.994481981030567
329 331 7.831056014407616
329 332 3.9036329040499367
330 329 7.737830888817359
330 330 5.666809261932847
330 331 -12.83582463795088
330 332 -2.5020818604009243
331 329 -5.6399886977509865
331 330 8.570444170759753
331 331 5.070764315452673
331 332 -3.5841773001106088
332 329 -7.675433667725811
332 330 7.974890096892326
332 331 -2.3547499153806535
332 332 6.417462745444088
329 333 0.11687746621910002
330 334 0.18010436865918308
331 335 0.201391823246209
332 336 0.14257412394634517
329 327 0.11260327270450958
329 328 0.2297252961325278
330 327 0.15365463214799738
330 328 0.06438185532877898
331 327 0.23569815052412735
331 328 0.29539683490740526
332 327 0.2806294807552505
332 328 0.15653187133763072
333 333 12.609619674846472
333 334 -11.78238631797605
333 335 -0.7332805502118446
333 336 4.468655681631854
334 333 -6.5371734306068925
334 334 4.485650473462021
334 335 6.841447980273529
334 336 -7.105317399246908
335 333 5.223261012392937
335 334 11.529607724117753
335 335 -1.0361581051902955
335 336 -11.277986653505206
336 333 -5.422514717193518
336 334 -3.7188181218169363
336 335 -4.426869899497566
336 336 12.892178646801257
333 337 0.15233787102375118
334 338 0.0016165266934474508
335 339 0.23761227675253638
336 340 0.1716989308328276
333 331 0.08777724667741346
333 332 0.2959931577052775
334 331 0.03165585000997068
334 332 0.28861512397907757
335 331 0.020323258509370754
335 332 0.06480679955666876
336 331 0.07082341540168033
336 332 0.21944912398529476
337 337 -2.51863545669
337 338 1.022603602688649
337 339 -15.779274503498474
337 340 13.45424322210789
338 337 -0.6266462847269606
338 338 7.984750352471043
338 339 -1.1522877443168864
338 340 -2.239387366251011
339 337 -6.341396107661525
339 338 -0.022551299239429758
339 339 8.252681550564594
339 340 0.5647485022387189
340 337 12.812190076397878
340 338 -12.368590926316
340 339 4.428157920178259
340 340 -6.537178349173143
337 341 0.23854632973481846
338 342 0.03561038138328549
339 343 0.09107982963679721
340 344 0.22620469194041537
337 335 0.28900703201848904
337 336 0.1731193077978879
338 335 0.23679435523399753
338 336 0.23032351837624016
339 335 0.22219350708716332
339 336 0.21117611816475854
340 335 0.07622730246914584
340 336 0.2706318825809702
341 341 -5.4832574044374285
341 342 -2.886966215618549
341 343 1.5026907358244437
341 344 13.12305514141036
342 341 1.283431004750523
342 342 9.29420253621242
342 343 -2.5573375932354354
342 344 -15.534451834303612
343 341 11.453050683446337
343 342 7.471290052229346
343 343 -11.367430480311057
343 344 1.7887944768671318
344 341 1.2668560647137863
344 342 -8.693384250231203
344 343 7.069875237219956
344 344 0.8150441953232646
341 345 0.173698255054038
342 346 0.2965894235496824
343 347 0.08109783185586676
344 348 0.2812777271240939
341 339 0.09889962394594573
341 340 0.07958728152482786
342 339 0.2763351137939705
342 340 0.2938248361286789
343 339 0.17016702175991888
343 340 0.12259238676788388
344 339 0.2187761276768706
344 340 0.20439258497185023
345 345 2.421076710263094
345 346 -6.522404311647424
345 347 10.223031448625214
345 348 -5.083406038914396
346 345 -3.061901370760559
346 346 -2.231604059323801
346 347 -10.151144250257214
346 348 13.389890800728764
347 345 9.685520418321074
347 346 7.5258985341538835
347 347 -12.351313396796076
347 348 -2.5753834434177874
348 345 -9.558651938100308
348 346 1.2578111849198625
348 347 10.83956044064227
348 348 -0.6877901220229073
345 349 0.08413692793696877
346 350 0.1675939001565589
347 351 0.011242167002755132
348 352 0.2414395445642979
345 343 0.26351947574461726
345 344 0.19019337798710015
346 343 0.14403153998721993
346 344 0.03409432717457976
347 343 0.09775813155055553
347 344 0.10485914959413224
348 343 0.07692790466098769
348 344 0.15303237380290943
349 349 -6.646998642069478
349 350 -10.033727542165295
349 351 7.359971165701461
349 352 6.93197959145615
350 349 6.09198894239963
350 350 -4.7858395496557895
350 351 -9.681396628506672
350 352 12.2516391266402
351 349 -6.5331051211978535
351 350 3.785286395702141
351 351 1.0269592568281747
351 352 3.0252282883310304
352 349 11.193459877695801
352 350 6.637041335777579
352 351 -1.360371693391229
352 352 -14.3756924217218
349 353 0.03917668347077863
350 354 0.06993369363656303
351 355 0.12622482154712458
352 356 0.25216046425642974
349 347 0.16494207932408772
349 348 0.1168804736631387
350 347 0.07491684565018752
350 348 0.017176902301559414
351 347 0.16939140553233492
351 348 0.03379745272383128
352 347 0.09608952902749088
352 348 0.28787459137070015
353 353 -5.893941608332262
353 354 5.887352046777794
353 355 -4.972108824511022
353 356 5.673889168665245
354 353 3.5207981370197605
354 354 7.808453644153306
354 355 -15.107274616750763
354 356 -2.8465977713135175
355 353 0.20609557614001553
355 354 -13.836774845499042
355 355 6.994677070022506
355 356 6.457795210966785
356 353 4.331202731099327
356 354 1.5351126540866977
356 355 13.08604080928148
356 356 -9.246460341593865
353 357 0.15355430893239863
354 358 0.04678944935528508
355 359 0.29651927159809904
356 360 0.028984558321816012
353 351 0.23716071658230362
353 352 0.13710534532841426
354 351 0.09278125949405669
354 352 0.14524870483716235
355 351 0.2612728670321142
355 352 0.21639083498333442
356 351 0.11910627038096293
356 352 0.23485063316342433
357 357 -6.552072935766572
357 358 9.322082737276082
357 359 -4.021849370945908
357 360 7.091936260859552
358 357 -0.49497101225744516
358 358 -13.852499989774843
358 359 11.623528654843607
358 360 -4.796563011463033
359 357 -0.6150968337061093
359 358 13.095392333977426
359 359 -0.5941002585794527
359 360 -9.010971491972308
360 357 6.771208964485193
360 358 -8.992696017222189
360 359 -3.631340771132827
360 360 7.491688653001861
357 361 0.10963255261706963
358 362 0.25154721272728126
359 363 0.29266554302001474
360 364 0.05546388807806959
357 355 0.2037986430381585
357 356 0.047891851975437195
358 355 0.1591592963603886
358 356 0.25144989058494494
359 355 0.022725104849862388
359 356 0.1827548646923077
360 355 0.25147565398893246
360 356 0.14481734832927257
361 361 -13.741768449708603
361 362 1.4115156941019147
361 363 1.158098323962483
361 364 5.2092522677708075
362 361 1.132081671866019
362 362 -11.797377894942356
362 363 8.705642114807452
362 364 0.9438743731185674
363 361 18.8832454280343
363 362 -0.6474800132862772
363 363 -6.251826783052649
363 364 0.20744284183635878
364 361 -5.512981513743649
364 362 9.060654154236657
364 363 1.2185735867617777
364 364 -7.032580283981383
361 365 0.0691241910798277
362 366 0.08685354688026932
363 367 0.04604473559791553
364 368 0.03443497567076541
361 359 0.22617499516809228
361 360 0.08582573865629763
362 359 0.11980997553402987
362 360 0.010353717284831676
363 359 0.1260687382422845
363 360 0.1478153452678525
364 359 0.07950351317275635
364 360 0.2632298537627254
365 365 -8.36950802752623
365 366 -4.2027853060973515
365 367 8.171091424084615
365 368 2.3196108072264345
366 365 1.4894928452879883
366 366 9.302222615502247
366 367 -8.544402742051238
366 368 4.352777246793962
367 365 12.281152164621561
367 366 -15.728188798524016
367 367 -6.99164451104962
367 368 0.8918373800409906
368 365 -1.6441160892433313
368 366 12.101675316783727
368 367 4.906044162499886
368 368 -5.859450351447231
365 369 0.21368790617961678
366 370 0.0072713579622455836
367 371 0.23698080584219205
368 372 0.055300789472999476
365 363 0.03244237066943551
365 364 0.27046344606689937
366 363 0.03926138022629526
366 364 0.13389456983120476
367 363 0.12948191444364093
367 364 0.030055164097048403
368 363 0.2851908925728912
368 364 0.0913331708261695
369 369 -9.938956689196061
369 370 -2.686289248379479
369 371 11.747427640457905
369 372 1.0456109180171052
370 369 10.894531489427655
370 370 -2.6081609317488854
370 371 -0.3740476839562475
370 372 -3.17824445969605
371 369 -1.5766619119954475
371 370 7.285772983510592
371 371 8.44041953000239
371 372 -12.020249906445784
372 369 -2.6546064829183527
372 370 -0.4499183111783748
372 371 -12.960860097633834
372 372 12.986241387137095
369 373 0.29535533837522604
370 374 0.08753236666886684
371 375 0.2223669303738738
372 376 0.05624463243698754
369 367 0.18861739976275654
369 368 0.17038958510142713
370 367 0.2376429019492752
370 368 0.1084036245902318
371 367 0.008899524202847075
371 368 0.29675481310998525
372 367 0.07010630791450194
372 368 0.04800718039490224
373 373 -1.9185077289920651
373 374 -8.276107531901369
373 375 9.278263110517535
373 376 -2.105423129422645
374 373 6.650526193983414
374 374 -5.302198416355903
374 375 -5.490638908167186
374 376 4.944194461807575
375 373 6.314006688057063
375 374 7.48991844247246
375 375 -9.67258219171453
375 376 -4.405658372206546
376 373 -15.253316376765655
376 374 10.253033933770146
376 375 9.04703837026039
376 376 8.820426226860734
373 377 0.10613032891277464
374 378 0.13321280435613717
375 379 0.24547808076652067
376 380 0.06687422903949036
373 371 0.26660852199507923
373 372 0.1795910035366042
374 371 0.26769442198703214
374 372 0.13079481275427568
375 371 0.05447947419117631
375 372 0.08515673109174272
376 371 0.22155005945380993
376 372 0.28543600701336874
377 377 -6.473794562909555
377 378 2.248055830161285
377 379 -2.2371337823486668
377 380 7.506843313075733
378 377 -0.7337573167709518
378 378 -6.299324000490461
378 379 5.124084365152841
378 380 4.997852224898262
379 377 0.6423945926918495
379 378 5.326144706244509
379 379 5.192831980623598
379 380 -12.520805230215762
380 377 17.245115921779394
380 378 -1.292113571970472
380 379 -16.642955826920176
380 380 2.7669477075784052
377 381 0.0240985931576819
378 382 0.12349549319400704
379 383 0.1420313060707375
380 384 0.23262590996245583
377 375 0.2774404615520936
377 376 0.13765530079505264
378 375 0.048834485922282386
378 376 0.10600732177302545
379 375 0.06231904366192373
379 376 0.29369751299631025
380 375 0.098263013249009
380 376 0.19068801377810995
381 381 -10.750224906305695
381 382 -1.6576055710106632
381 383 -0.8825849654661025
381 384 11.785672245909465
382 381 2.016953617067241
382 382 11.895420378899722
382 383 -2.2365956058192715
382 384 -7.402353428099739
383 381 1.2235520716272068
383 382 -12.021762183505999
383 383 11.142913607892622
383 384 -1.8762955712160942
384 381 9.814476033555845
384 382 7.191697055663865
384 383 -10.153627425885256
384 384 -2.7914524880895955
381 385 0.2110149050767256
382 386 0.13703180386562877
383 387 0.275300640020624
384 388 0.28054772445213144
381 379 0.08223011026025713
381 380 0.23357049180349976
382 379 0.08835664371401113
382 380 0.10505483075899291
383 379 0.1635739361056264
383 380 0.19664668616750178
384 379 0.052982763046650706
384 380 0.0653801910873217
385 385 6.579350374722305
385 386 -5.980032941516287
385 387 5.866611658374545
385 388 -5.815936952209539
386 385 5.025632818861302
386 386 -1.8948408644020782
386 387 -9.850647798985095
386 388 7.112687736468601
387 385 -13.609120518437761
387 386 3.014647907919431
387 387 -1.3392390679236699
387 388 11.474362447213545
388 385 1.1555225474287596
388 386 9.669136426761478
388 387 7.47282546484917
388 388 -13.921736008306578
385 389 0.09845017687140234
386 390 0.08308629704792
387 391 0.17376302992499706
388 392 0.12095314788896443
385 383 0.009794846679223078
385 384 0.24465180912188267
386 383 0.15422586423470683
386 384 0.023430951763584163
387 383 0.22175828682737578
387 384 0.2096292461024314
388 383 0.16524728208691292
388 384 0.22910966350367754
389 389 1.0573573039019877
389 390 -11.57662720089352
389 391 -5.18598387802622
389 392 12.57857689549454
390 389 -5.148188947480148
390 390 -2.0018408878160074
390 391 15.128600051773754
390 392 5.982580014535659
391 389 -1.3582197395593354
391 390 12.94212770447524
391 391 -0.9697710052088562
391 392 -8.845507952600439
392 389 5.473434758746228
392 390 1.2143844189840507
392 391 2.312923923710361
392 392 -9.760221379371051
389 393 0.23129675778063652
390 394 0.1518354407417585
391 395 0.012651745593224439
392 396 0.1473324006535178
389 387 0.1512821254421777
389 388 0.08636291221904092
390 387 0.05693544003459252
390 388 0.15334755035321368
391 387 0.23222891136573465
391 388 0.05548881156245191
392 387 0.03508132950914104
392 388 0.29553917306080596
393 393 0.08690245110260854
393 394 -13.004925532545933
393 395 4.5945538853682
393 396 10.981849065576272
394 393 0.7342946248326582
394 394 -1.1979618289180778
394 395 10.53686491846862
394 396 -4.831147064346446
395 393 -6.291529875024179
395 394 11.121177217219246
395 395 -8.59175798870392
395 396 4.193673750133699
396 393 6.706817975334891
396 394 7.514206025184144
396 395 -7.056722606130359
396 396 -11.954181316095193
393 397 0.09979298145754265
394 398 0.00977025805122551
395 399 0.07108604188676279
396 400 0.18012092303691657
393 391 0.09064411831111947
393 392 0.25928651559772115
394 391 0.1663915688890291
394 392 0.2973766521189402
395 391 0.020160036503657275
395 392 0.10786377020718889
396 391 0.24786553948098158
396 392 0.29660444232244904
397 397 -3.9644284838362553
397 398 -11.99624197720086
397 399 -6.518978535388781
397 400 12.649303341573829
398 397 -0.22962719171277757
398 398 2.6975470446661407
398 399 10.505796836330335
398 400 -5.011574630048853
399 397 0.10955361596905662
399 398 3.2681452148133725
399 399 -4.215097288546688
399 400 0.26313356036326585
400 397 19.72122860700783
400 398 -3.1218434046756873
400 399 4.8942613853244605
400 400 -6.31654769802146
397 401 0.10003503279766779
398 402 0.2716525898598141
399 403 0.02800411406107346
400 404 0.11188787603994056
397 395 0.13613896207450019
397 396 0.046652268533004505
398 395 0.03907437326183942
398 396 0.1658072528051885
399 395 0.03888891390912701
399 396 0.23821694961768852
400 395 0.29579277468899157
400 396 0.07543510917675202
401 401 2.4509307557865814
401 402 3.8387401609127796
401 403 -4.81040197065129
401 404 1.5827704446670017
402 401 10.430160807139405
402 402 -9.573834201970973
402 403 3.277063980316284
402 404 -4.416271831150219
403 401 -5.644705834770081
403 402 7.043537235309359
403 403 4.730210533232769
403 404 -10.91339325147535
404 401 -9.07001970314557
404 402 -3.6966491990730734
404 403 0.020281973914174384
404 404 20.00101680487798
401 405 0.17921434673275297
402 406 0.1270341800468391
403 407 0.10484665886926516
404 408 0.22765280462668
401 399 0.162821282007273
401 400 0.019417217340920234
402 399 0.25623619150896715
402 400 0.17351844162844146
403 399 0.07671263126402907
403 400 0.06523197785519037
404 399 0.15056335470411655
404 400 0.027825525895987656
405 405 -5.112588020586005
405 406 11.813097290860734
405 407 -6.775866075002683
405 408 -2.336722995641811
406 405 -9.567952401366103
406 406 -0.16931561945947368
406 407 14.074735507805872
406 408 -3.649442637980727
407 405 -0.04158243297900845
407 406 -5.031540809180081
407 407 1.454472579587734
407 408 9.238738573646717
408 405 15.5173425197662
408 406 -5.556610750451757
408 407 -9.513617976898056
408 408 0.9939148550085566
405 409 0.03699032988197672
406 410 0.0600977170273683
407 411 0.28378186107397024
408 412 0.22141880468103817
405 403 0.01637238474857081
405 404 0.227326301479859
406 403 0.22288268773116998
406 404 0.24662789341843355
407 403 0.18189380639748795
407 404 0.08428618028427219
408 403 0.10522447943101965
408 404 0.29833517124343345
409 409 -11.61823702827923
409 410 -0.09952800368242577
409 411 7.4644508453948095
409 412 4.972754078063775
410 409 -2.536272971161824
410 410 5.77784327361327
410 411 6.26753802459099
410 412 -12.067266002869687
411 409 13.786787471019453
411 410 3.2940815205284246
411 411 -14.365707472385909
411 412 2.0386753341187664
412 409 1.9743561325625656
412 410 -10.195536583488474
412 411 3.5882395645661616
412 412 4.864618809668982
409 413 0.267439734087971
410 414 0.10731835313611424
411 415 0.02056274012472645
412 416 0.08923639012776356
409 407 0.2932113580201698
409 408 0.04083647869146074
410 407 0.10634968802865664
410 408 0.0293294923205345
411 407 0.17876028263274543
411 408 0.1191363078408757
412 407 0.22289467912274855
412 408 0.17406622922753168
413 413 6.60506750787526
413 414 -17.135844680871536
413 415 4.804834033892445
413 416 6.978909681066392
414 413 -11.690853772651103
414 414 10.471233081878468
414 415 -7.125079802115131
414 416 8.150535214460222
415 413 6.612877414610247
415 414 0.9032877402776737
415 415 -2.7421678720210694
415 416 -3.0497168594311734
416 413 -0.7413501191273973
416 414 2.9962238146268287
416 415 8.167905025988231
416 416 -9.263669118607892
413 417 0.16413625975144916
414 418 0.23101475384173065
415 419 0.15727032107695196
416 420 0.2092928622985162
413 411 0.2593115435526793
413 412 0.24570856571829336
414 411 0.07322338559006256
414 412 0.11381222069823095
415 411 0.07986677036760421
415 412 0.08764702059986573
416 411 0.04604671503318276
416 412 0.05465905087746054
417 417 -2.037522860171616
417 418 1.8945822707631972
417 419 6.757287038436923
417 420 -13.726782490349404
418 417 11.297380431962244
418 418 -11.713275376728216
418 419 -2.000618849266319
418 420 8.430199796895122
419 417 5.464757269907837
419 418 5.75840974127769
419 419 -10.969758882589618
419 420 10.035068605752356
420 417 -9.39078293554293
420 418 5.095132169002969
420 419 1.4149001877555567
420 420 3.74980249480811
417 421 0.25804791255806236
418 422 0.05348555928213867
419 423 0.15472757344114543
420 424 0.25987261538339573
417 415 0.11351988619543897
417 416 0.17109849422368684
418 415 0.21314394428621394
418 416 0.22524170828652235
419 415 0.19999673381766384
419 416 0.10037917602382904
420 415 0.10429657315629444
420 416 0.0009140148104303413
421 421 -3.393194509086825
421 422 -3.56306488075611
421 423 -0.23573126521707974
421 424 7.077144952683181
422 421 13.683707047345978
422 422 4.117489799507927
422 423 -14.315386012023575
422 424 -2.238811497421441
423 421 -1.6074043710374404
423 422 -7.987304529026965
423 423 13.563897018415213
423 424 -3.9027101524307657
424 421 -11.324179376365485
424 422 10.227485356534903
424 423 2.170986280427244
424 424 2.0895519519567674
421 425 0.29689344170807136
422 426 0.23211693014394952
423 427 0.08159265070521539
424 428 0.2049415188815931
421 419 0.0954304033294617
421 420 0.15114956591601625
422 419 0.1961600619182297
422 420 0.05192158144470007
423 419 0.1271363985436257
423 420 0.24300803803124468
424 419 0.05185293458516582
424 420 0.29417221885824135
425 425 7.808451345168573
425 426 -3.5255873221597342
425 427 7.596786364865193
425 428 -10.057443844851727
426 425 -2.569183966783802
426 426 -6.716745449786815
426 427 8.078830737931577
426 428 2.016869050273673
427 425 4.596562767188667
427 426 -10.559448002646889
427 427 -4.062103921227767
427 428 9.62885282182243
428 425 -7.557473292569891
428 426 17.402022659667754
428 427 -6.113580200233583
428 428 -1.8753279454638672
425 429 0.2713987429115426
426 430 0.2743082039007663
427 431 0.17460001642724624
428 432 0.28139298268244123
425 423 0.18525251317335847
425 424 0.25981085545099725
426 423 0.23912939118956697
426 424 0.266991021204675
427 423 0.07994995139652088
427 424 0.23939149498213322
428 423 0.04154844598264122
428 424 0.27567642489912797
429 429 12.224356631137217
429 430 -13.443791657307745
429 431 -10.06332363989954
429 432 3.1847874255159314
430 429 -3.9565379783405565
430 430 5.805678278697921
430 431 -8.953852701554572
430 432 11.489976921288216
431 429 -1.7074442010384816
431 430 -3.4708144211101395
431 431 5.512895314403054
431 432 3.246647856688353
432 429 -2.8174357319237497
432 430 8.986301356206578
432 431 6.588386283511548
432 432 -10.240704605285913
429 433 0.12072922160602567
430 434 0.010712233315367992
431 435 0.2592751798765513
432 436 0.044357706190419295
429 427 0.1596183889404385
429 428 0.19025048439563855
430 427 0.036799599229393305
430 428 0.23693382690695053
431 427 0.18853205586900565
431 428 0.1923998307957605
432 427 0.008800603982531153
432 428 0.007934915537223386
433 433 2.002981826455019
433 434 -9.589796614246936
433 435 -13.060299111985415
433 436 7.941217470417279
434 433 -4.264153993815299
434 434 -1.237643189026112
434 435 6.680020648892385
434 436 3.523513630681392
435 433 7.224731986060276
435 434 -2.252430566235915
435 435 15.168155462146526
435 436 -10.030085536588231
436 433 -3.970668167595179
436 434 12.399810947829303
436 435 -5.67171319404811
436 436 0.03637658453139689
433 437 0.05610758406793454
434 438 0.009280496775195357
435 439 0.026076502298253357
436 440 0.1405113100326063
433 431 0.1283749873309712
433 432 0.02615238072133419
434 431 0.2458999989735957
434 432 0.2252723279572596
435 431 0.05344042621775593
435 432 0.17789643378794864
436 431 0.01997039376863616
436 432 0.11127882585139366
437 437 -6.6590079001456335
437 438 2.3139607551271264
437 439 10.87183465017829
437 440 -9.025835393784739
438 437 -10.242907660342428
438 438 -0.44605362257900233
438 439 3.295618485394522
438 440 9.251080112150122
439 437 15.838726423779443
439 438 -3.823727742897624
439 439 -7.813859818235978
439 440 -2.278952460477177
440 437 2.7728318998703165
440 438 7.683053242451425
440 439 -10.868914927571572
440 440 5.337940318928434
437 441 0.24070466537795815
438 442 0.2885690280255517
439 443 0.07460373482039447
440 444 0.0707143572404344
437 435 0.13418249881660704
437 436 0.034333169870716926
438 435 0.20186512760485792
438 436 0.2732242566356763
439 435 0.05522364733392786
439 436 0.19711869982987024
440 435 0.2318873736435254
440 436 0.03970518770590081
441 441 -4.469429457349881
441 442 -3.611189924366556
441 443 -3.8345185018649133
441 444 12.037123972626365
442 441 5.386123795640807
442 442 14.093673753974942
442 443 -4.615086143527053
442 444 -5.030233633689973
443 441 -10.520749413167614
443 442 -6.0163910897526405
443 443 13.3865477171019
443 444 -5.13560236093113
444 441 11.420559273083933
444 442 2.885530118437269
444 443 -3.9875146205556535
444 444 -4.69366058213928
441 445 0.26503936072135903
442 446 0.15535576858106342
443 447 0.045350743560680695
444 448 0.08062808138874004
441 439 0.13290396888525133
441 440 0.026234744970468914
442 439 0.2683213230515203
442 440 0.1733515500646524
443 439 0.2276259896725619
443 440 0.1560158464578108
444 439 0.14601915709777588
444 440 0.26333977902669886
445 445 -2.094063991285259
445 446 -6.2006511540058336
445 447 -5.260003592080311
445 448 8.171466061913366
446 445 11.296432656632446
446 446 -5.831791388969121
446 447 3.177156417273478
446 448 -4.30854163296619
447 445 -10.542545552710008
447 446 -14.000071716768158
447 447 5.028041972370316
447 448 7.151287538760725
448 445 -3.766949311188697
448 446 15.97374326599206
448 447 -0.16733552632157617
448 448 -3.9371961903220947
445 449 0.23780271998681582
446 450 0.21467394943516305
447 451 0.2953886945308288
448 452 0.19293594132957365
445 443 0.22619839220324953
445 444 0.2203629722004691
446 443 0.12757036783317072
446 444 0.16990979526917643
447 443 0.03002667496465343
447 444 0.14069905920201156
448 443 0.29616421394422915
448 444 0.2861006492593549
449 449 -5.355145666701373
449 450 5.848296850233152
449 451 13.203527748553055
449 452 -8.803507160240606
450 449 -7.209461317811299
450 450 11.352629689776151
450 451 -9.36552264251058
450 452 3.052129175914578
451 449 4.096683030111063
451 450 -10.114574552541992
451 451 -8.342732171804515
451 452 12.181956306673007
452 449 5.858710419781282
452 450 2.4890887420349137
452 451 -3.3858442173572794
452 452 -3.78487171296729
449 453 0.01889737204108397
450 454 0.1150185924386527
451 455 0.21582020440771935
452 456 0.17388976658718655
449 447 0.18128240283799218
449 448 0.1994547480824098
450 447 0.12475621219124206
450 448 0.21675664591618263
451 447 0.13425633480027835
451 448 0.1760033266751335
452 447 0.24586444352048073
452 448 0.24124254543916432
453 453 -9.675456808584517
453 454 3.155285933126778
453 455 -3.574786934457969
453 456 9.468692671916639
454 453 6.821507336976686
454 454 -1.273725056889371
454 455 13.160674054751837
454 456 -13.479398672798936
455 453 6.8358768828572805
455 454 -14.059163299412349
455 455 1.3022231941405236
455 456 4.759973329269149
456 453 6.830646688745792
456 454 4.239438275454048
456 455 -1.475320707202847
456 456 -7.168823935068102
453 457 0.19507412704936147
454 458 0.1364141107046806
455 459 0.07650854464094956
456 460 0.057688399503746775
453 451 0.1278434472398191
453 452 0.20740948238152798
454 451 0.2737668227005342
454 452 0.23832289130477458
455 451 0.15007838626116024
455 452 0.25604805585609086
456 451 0.12845522553831729
456 452 0.06743964635863871
457 457 11.18545529831021
457 458 -2.4701945632797355
457 459 3.183402626725679
457 460 -7.936983665377403
458 457 -1.6372558127878938
458 458 8.819518143332534
458 459 -10.74263679876568
458 460 2.153663573545285
459 457 -13.283425214830507
459 458 -1.252780101186986
459 459 10.20957667447927
459 460 3.3709411448389384
460 457 13.221581236762189
460 458 -4.077333849463846
460 459 -9.429046560079074
460 460 4.145795858343304
457 461 0.018183480647226635
458 462 0.08276795685567169
459 463 0.2570251261099072
460 464 0.2771947299880713
457 455 0.19050863825509956
457 456 0.15406834550711598
458 455 0.15370778754927664
458 456 0.10860467522374596
459 455 0.28903098545980527
459 456 0.22968642960414704
460 455 0.05332457356867191
460 456 0.05952301544718459
461 461 2.374585370818049
461 462 -3.33149080219289
461 463 -16.210131063316126
461 464 8.654832537369304
462 461 8.636056588417867
462 462 -1.7440295042919824
462 463 2.492146106850893
462 464 -8.035895726077218
463 461 3.3319214581323915
463 462 -10.406770560294863
463 463 3.479980841191777
463 464 0.9323965835121558
464 461 -8.468668246656891
464 462 13.644998796888279
464 463 9.7305878825049
464 464 -2.864896969068005
461 465 0.1932792798507827
462 466 0.19482374674343983
463 467 0.001043965167873262
464 468 0.18227769498693122
461 459 0.10767830604091433
461 460 0.12552461111694457
462 459 0.20201720306783053
462 460 0.2031233649351418
463 459 0.014210824670957356
463 460 0.18793046436219757
464 459 0.010467879995408968
464 460 0.2520982537859428
465 465 12.945546971056999
465 466 1.176673674371205
465 467 -0.1708268951284877
465 468 -6.9855404219902715
466 465 -15.061841020963435
466 466 10.367220027052285
466 467 -5.794544592163731
466 468 4.816337932986917
467 465 0.26337129738053106
467 466 3.4263397712602432
467 467 8.080583611133873
467 468 -5.83254266923949
468 465 4.606191982007151
468 466 -14.316731839460017
468 467 2.9562766670733565
468 468 6.406261835081385
465 469 0.1976415523007058
466 470 0.07415993950398096
467 471 0.10614569726536598
468 472 0.22256946637647942
465 463 0.009227290056444026
465 464 0.2770832200545618
466 463 0.0703337737370144
466 464 0.17939215894423793
467 463 0.1609905184975113
467 464 0.22674796921225104
468 463 0.2552591745737937
468 464 0.04663929168526006
469 469 -13.539118826170904
469 470 12.557085533699347
469 471 -2.7043290768182073
469 472 -1.6913801762795664
470 469 3.599671076709029
470 470 -6.060348387239909
470 471 -1.580823461930192
470 472 14.953894872381671
471 469 6.548287263286856
471 470 -12.109275265253483
471 471 9.56383474915787
471 472 -5.252828474177415
472 469 5.0956244798934005
472 470 3.2910668496479856
472 471 -2.8062119407053507
472 472 -3.973560320527028
469 473 0.14165491856624174
470 474 0.2128449061478723
471 475 0.26528423157332554
472 476 0.23215176133495397
469 467 0.05215415230682643
469 468 0.09838605186082036
470 467 0.12423205821740568
470 468 0.14140710238406243
471 467 0.2795102247133423
471 468 0.2835622954462159
472 467 0.29221542257728944
472 468 0.03302067175633598
473 473 -11.299558178102723
473 474 15.669258530592025
473 475 -6.4226387651602845
473 476 -9.65115117572078
474 473 6.371891826934901
474 474 -2.25658759665222
474 475 3.648897955925761
474 476 -3.6403309830281776
475 473 4.3472854302930095
475 474 -5.902300921687437
475 475 -6.749474581766127
475 476 11.081519414613716
476 473 -4.606901982787766
476 474 -1.6435482191130377
476 475 13.042711573995033
476 476 -0.10491464892711722
473 477 0.2603766449545613
474 478 0.07456210647557955
475 479 0.016201003232447997
476 480 0.1889842785685545
473 471 0.20743435362145735
473 472 0.13055241977682067
474 471 0.28690280140297963
474 472 0.1873193065614904
475 471 0.2973110025331634
475 472 0.1148927151250272
476 471 0.2651938076501044
476 472 0.07806150053533457
477 477 4.764108692491867
477 478 11.293222211834873
477 479 -8.970797253791986
477 480 -13.01334593811424
478 477 -13.15232830596946
478 478 0.8740296202580612
478 479 3.8785647962947007
478 480 9.692591577336371
479 477 5.895108218312887
479 478 -2.3548439950978426
479 479 -2.7622532652753202
479 480 4.277881319530432
480 477 9.634679991445816
480 478 -6.079789079021907
480 479 6.2958688387064035
480 480 -8.806247754170272
477 481 0.17287313645187663
478 482 0.1889258249227164
479 483 0.10620481514432163
480 484 0.19528711538060445
477 475 0.2499488303615909
477 476 0.03873490116318829
478 475 0.03771783199793197
478 476 0.29630916770850463
479 475 0.1148817158088528
479 476 0.21215020575499566
480 475 0.09793655318589493
480 476 0.06362883594763462
481 481 6.87300087805862
481 482 -4.18822004491365
481 483 10.55894992276378
481 484 -15.246369497765707
482 481 4.018551100977594
482 482 4.788049931657667
482 483 -9.453023066005585
482 484 7.200220426251653
483 481 -2.224119526634525
483 482 9.27130648412101
483 483 1.1228382804472035
483 484 -2.6928849910835164
484 481 -9.521735823310111
484 482 -9.248289347358408
484 483 0.49083853092243407
484 484 11.45203094233441
481 485 0.23079270020756848
482 486 0.015812363755264514
483 487 0.09563756633689835
484 488 0.09894040286692418
481 479 0.17894192915248455
481 480 0.09757532802802035
482 479 0.12729608172068416
482 480 0.2159119766620753
483 479 0.03703713961763855
483 480 0.1784974508046609
484 479 0.2598383224418755
484 480 0.10834287482498565
485 485 4.768164191427816
485 486 7.553365508795836
485 487 -19.294357949596513
485 488 2.2997287353591704
486 485 -3.5883452381925247
486 486 -4.638942114066323
486 487 3.941222381963397
486 488 8.623852206574028
487 485 -0.32225769796602083
487 486 8.842394116563526
487 487 0.0669342926524179
487 488 -12.371881386691275
488 485 5.986195651376272
488 486 -8.406895978199445
488 487 8.744490457920543
488 488 0.11810098972261418
485 489 0.2838770447027533
486 490 0.12135945081572935
487 491 0.14453824634398094
488 492 0.28287054093267894
485 483 0.1441392295583981
485 484 0.05483202331761454
486 483 0.26279343486484835
486 484 0.2316608507095304
487 483 0.17573953137251874
487 484 0.1689777433842563
488 483 0.0801861699548843
488 484 0.02176981253258754
489 489 -11.680149741020019
489 490 7.515294944946412
489 491 -3.4534832784975045
489 492 7.480175749849278
490 489 6.832205981125448
490 490 4.983937593114005
490 491 -4.246028435161063
490 492 -10.572012595025258
491 489 3.1488163752561515
491 490 -6.2158360642533825
491 491 -0.31348186096575986
491 492 6.789544745240761
492 489 6.578850127070451
492 490 -11.225070161410668
492 491 15.764312341251197
492 492 -4.62116042234636
489 493 0.2686921448455981
490 494 0.19646447759624253
491 495 0.19535740071743402
492 496 0.21282756504266997
489 487 0.23275329036498094
489 488 0.22591406994107358
490 487 0.060678462783198994
490 488 0.18867505349356808
491 487 0.16846698641688299
491 488 0.008548637081480947
492 487 0.19445850036725237
492 488 0.12904742234313796
493 493 1.5419001234143457
493 494 11.262864479832015
493 495 -2.9701134938337037
493 496 -4.798401924316124
494 493 6.593263381257077
494 494 -14.972268014531036
494 495 6.4036130477716995
494 496 -6.506328657291396
495 493 -13.34187606560518
495 494 4.737574624489417
495 495 6.05551936661006
495 496 10.562729406384022
496 493 7.98422680053925
496 494 -5.52222751486366
496 495 -6.392357452974364
496 496 0.38696592814482
493 497 0.22451980132116167
494 498 0.0097266081276147
495 499 0.0022101452430194346
496 500 0.039117226279527115
493 491 0.1580676592651066
493 492 0.057567612268755064
494 491 0.2070637276134997
494 492 0.015647040473425734
495 491 0.03597457386324452
495 492 0.258982607668587
496 491 0.2864817224206171
496 492 0.027722166281034567
497 497 -11.459532544491037
497 498 4.395912187246245
497 499 3.7392789025374675
497 500 1.3133831262797762
498 497 -1.476322604638779
498 498 4.471323896288537
498 499 -14.997517461680937
498 500 10.197036365291813
499 497 2.8977095525574157
499 498 -9.058975282384027
499 499 11.9337986449229
499 500 -1.9691904081456706
500 497 12.136868533650965
500 498 0.09439453235238222
500 499 1.9373467961987383
500 500 -9.526265058819572
497 495 0.07610075726782739
497 496 0.06555004872319026
498 495 0.047678235610014226
498 496 0.08953952518178351
499 495 0.09118082245517904
499 496 0.22967152348626216
500 495 0.1455645294243129
500 496 0.20091639057239177
